   0.0000000000000000        1.00000000000000000000000000000000000      
   5.0000000745058060E-002  0.999375097630847949403973154867654454      
  0.10000000149011612       0.997501561991627319219542401570233949      
  0.15000000223517418       0.994382905046972999763087414042542682      
  0.20000000298023224       0.990024971943040799415811786654034934      
  0.25000000372529030       0.984435928833819931457595100563740571      
  0.30000000447034836       0.977626245875259305924572660685688953      
  0.35000000521540642       0.969608675424395761130556325786811456      
  0.40000000596046448       0.960398225491153987455557209818610945      
  0.45000000670552254       0.950012128500862297330997420610278660      
  0.50000000745058060       0.938469805435772221630158898656328417      
  0.55000000819563866       0.925792825433960290192259787306661439      
  0.60000000894069672       0.912004860933904175947488131961997495      
  0.65000000968575478       0.897131638462741235339073206681644277      
  0.70000001043081284       0.881200885175712254669965853544978606      
  0.75000001117587090       0.864242271263547192676998049488897004      
  0.80000001192092896       0.846287348353540411940838998744665835      
  0.85000001266598701       0.827369484038771899923121450654977703      
  0.90000001341104507       0.807523792678337096862933846794454348      
  0.95000001415610313       0.786787062619533877155327287096008309      
   1.0000000149011612       0.765197680000701803718803821121723430      
   1.0500000156462193       0.742795549300798907931839924522453412      
   1.1000000163912773       0.719622010808819248609667035115759482      
   1.1500000171363354       0.695719755192783335805748998633276509      
   1.2000000178813934       0.671132735354259949352409547622375199      
   1.2500000186264515       0.645906075760185814715672474685920509      
   1.3000000193715096       0.620085979449130778771717927624121137      
   1.3500000201165676       0.593719632914090760921578427131616264      
   1.4000000208616257       0.566855109068378339911918241054956006      
   1.4500000216066837       0.539541268505200400480271012105618343      
   1.5000000223517418       0.511827659265065339228036598245034917      
   1.5500000230967999       0.483764415328232240662874620167374629      
   1.6000000238418579       0.455402154052002778823791877233570843      
   1.6500000245869160       0.426791872774749647019160418231902063      
   1.7000000253319740       0.397984844810175653952883768990650003      
   1.7500000260770321       0.369032515056398940301386252250643426      
   1.8000000268220901       0.339986395445058269650728458344249513      
   1.8500000275671482       0.310897960455730007202133279874394570      
   1.9000000283122063       0.281818542920546574236097599695217384      
   1.9500000290572643       0.252799230342997715147465528808357001      
   2.0000000298023224       0.223890761953497046931037373501809339      
   2.0500000305473804       0.195143426722396127502307889046143820      
   2.1000000312924385       0.166606962548743692633550494141217749      
   2.1500000320374966       0.138330456840214306616821327864491537      
   2.2000000327825546       0.110362248696285026737680919181228540      
   2.2500000335276127        8.27498329029170068258653228766916301E-0002
   2.3000000342726707        5.55397659427284481679323037033858245E-0002
   2.3500000350177288        2.87775742199096442809224624214169598E-0002
   2.4000000357627869        2.50766469396904936358312312790740006E-0003
   2.4500000365078449       -2.32267618891925051787320757832881817E-0002
   2.5000000372529030       -4.83837949863962355931132664285503610E-0002
   2.5500000379979610       -7.29228952904045222241221477798765270E-0002
   2.6000000387430191       -9.68049726379591088007060425390159909E-0002
   2.6500000394880772      -0.119992460630509476513227600812482700      
   2.7000000402331352      -0.142449387813019574419961451747870220      
   2.7500000409781933      -0.164141445264088764185205807217275490      
   2.8000000417232513      -0.185036050458788932532304673575542769      
   2.8500000424683094      -0.205102407274085622022084675904141092      
   2.9000000432133675      -0.224311562015453487146055612897423602      
   2.9500000439584255      -0.242636455352299916458973656358450911      
   3.0000000447034836      -0.260051970059049719664145800367221754      
   3.0500000454485416      -0.276534974468202305731167781386271653      
   3.1000000461935997      -0.292064361551327424293712005842001405      
   3.1500000469386578      -0.306621083553784837298456779468189303      
   3.2000000476837158      -0.320188182118939551232575467139643256      
   3.2500000484287739      -0.332750813847741821032768985950463809      
   3.3000000491738319      -0.344296271249751591696759711149761040      
   3.3500000499188900      -0.354813999051983391183940272968744818      
   3.4000000506639481      -0.364295605842288966399050192124988095      
   3.4500000514090061      -0.372734871034390826339758973687320482      
   3.5000000521540642      -0.380127747152059114973295202965071220      
   3.5500000528991222      -0.386472357440326894236154232668841271      
   3.6000000536441803      -0.391768988821968319190013415265683463      
   3.6500000543892384      -0.396020080227766362201857928820414575      
   3.7000000551342964      -0.399230206339289385738468215174587095      
   3.7500000558793545      -0.401406056793008121737273759546680217      
   3.8000000566244125      -0.402556410904545218133830004450215797      
   3.8500000573694706      -0.402692107981678910889419977886526246      
   3.9000000581145287      -0.401826013304364828929438981028315489      
   3.9500000588595867      -0.399972979859495753052520617156902839      
   4.0000000596046448      -0.397149805927357589507691838561917603      
   4.0500000603497028      -0.393375188625738107791125285463133947      
   4.1000000610947609      -0.388669673526397867770461276367524450      
   4.1500000618398190      -0.383055600467073608056257210940077432      
   4.2000000625848770      -0.376557045690364931781146175764950833      
   4.2500000633299351      -0.369199760448721493060951592665371833      
   4.3000000640749931      -0.361011106222263690880757021255885635      
   4.3500000648200512      -0.352019986703386976526349754135114329      
   4.4000000655651093      -0.342256776708885577995695032638234960      
   4.4500000663101673      -0.331753248186810221078913946880094883      
   4.5000000670552254      -0.320542493491311775029308039421770988      
   4.5500000678002834      -0.308658846104382863464134974231363601      
   4.6000000685453415      -0.296137798988638827213621673500833822      
   4.6500000692903996      -0.283015920760086342038736082851594390      
   4.7000000700354576      -0.269330769874204915989885254413831133      
   4.7500000707805157      -0.255120807022582552315241758151367876      
   4.8000000715255737      -0.240425305940809816519270034053322408      
   4.8500000722706318      -0.225284262831355163616960932911954888      
   4.9000000730156898      -0.209738304607677611101965776231604232      
   4.9500000737607479      -0.193828596167872985273956680911298462      
   5.0000000745058060      -0.177596746907790277692830460467737353      
   5.0500000752508640      -0.161084716684601698834694175491905840      
   5.1000000759959221      -0.144334721442487752945261599495404639      
   5.1500000767409801      -0.127389138712203874470710748161294577      
   5.2000000774860382      -0.110290413195995406280472222735088412      
   5.2500000782310963       -9.30809626484960305704519774576544537E-0002
   5.3000000789761543       -7.58030842629276040874676140122514175E-0002
   5.3500000797212124       -5.84988617702218169089078639893507997E-0002
   5.4000000804662704       -4.12100734563842259328994415047727364E-0002
   5.4500000812113285       -2.39781013007667671450723593071797261E-0002
   5.5000000819563866       -6.84384143477754866419922156774136929E-0003
   5.5500000827014446        1.01523838831002522032252136010954102E-0002
   5.6000000834465027        2.69709125840199040179361653657547061E-0002
   5.6500000841915607        4.35728272098562600858115802532904714E-0002
   5.7000000849366188        5.99200372560453209463090613451641061E-0002
   5.7500000856816769        7.59753592589202556826987508172899140E-0002
   5.8000000864267349        9.17025944559289083141629920258837386E-0002
   5.8500000871717930       0.107066603853125718794048809022555296      
   5.9000000879168510       0.122033380540818273657121481655464644      
   5.9500000886619091       0.136570119104876428575957069212892010      
   6.0000000894069672       0.150645281988457765523758750468877051      
   6.0500000901520252       0.164228662666119304051786820106070118      
   6.1000000908970833       0.177291445500106940366683753243787355      
   6.1500000916421413       0.189806262156532407814718027064359497      
   6.2000000923871994       0.201747244467414998470789726400864651      
   6.2500000931322575       0.213090073632890577936445492571086506      
   6.3000000938773155       0.223812025666832964152522061548379005      
   6.3500000946223736       0.233892012997683774869117147902925592      
   6.4000000953674316       0.243310622145712189570708216681575985      
   6.4500000961124897       0.252050147406766051426224749313157089      
   6.5000000968575478       0.260094620482295593412441185368829474      
   6.5500000976026058       0.267429836004548037386424981807716734      
   6.6000000983476639       0.274043372915654485360095270855098697      
   6.6500000990927219       0.279924611668774294972054541132782653      
   6.7000000998377800       0.285064747229316696154046582673902127      
   6.7500001005828381       0.289456797863645286773367532986828633      
   6.8000001013278961       0.293095609712747816523639558351049844      
   6.8500001020729542       0.295977857157655443477631766550516101      
   6.9000001028180122       0.298102038993384951375278506494222642      
   6.9500001035630703       0.299468470437355864469247202748700615      
   7.0000001043081284       0.300079271008013976952047973774250683      
   7.0500001050531864       0.299938348318604411311640449044743211      
   7.1000001057982445       0.299051377840367849929804291649557626      
   7.1500001065433025       0.297425778698387085217080190854374955      
   7.2000001072883606       0.295070685572250986965658305220047862      
   7.2500001080334187       0.291996916782668994558312639239476434      
   7.3000001087784767       0.288216938653124938036628413633477708      
   7.3500001095235348       0.283744826244702220049880966949454922      
   7.4000001102685928       0.278596220569275153991454157322395176      
   7.4500001110136509       0.272788282395082259979937213516241626      
   7.5000001117587090       0.266339642765197744345401023984981370      
   7.5500001125037670       0.259270350357238545398502199345797545      
   7.6000001132488251       0.251601815819206228550555652759187610      
   7.6500001139938831       0.243356753222959890150967028889976412      
   7.7000001147389412       0.234559118782835390091812586887584963      
   7.7500001154839993       0.225234046993077583853038718004143643      
   7.8000001162290573       0.215407784342742347570242655306275956      
   7.8500001169741154       0.205107620772203022160863360449299435      
   7.9000001177191734       0.194361819039665478557007152342360815      
   7.9500001184642315       0.183199542170573380304138084524454602      
   8.0000001192092896       0.171650779166720683591496494244883130      
   8.0500001199543476       0.159746269154898112948002624387124752      
   8.1000001206994057       0.147517424158257933870051054549161091      
   8.1500001214444637       0.134996250676078845824023883382436388      
   8.2000001221895218       0.122215270259411978516183912139288671      
   8.2500001229345798       0.109207439272202831747734104151174874      
   8.3000001236796379        9.60060680284801438617649475902718278E-0002
   8.3500001244246960        8.26447394965481825737427682121388854E-0002
   8.4000001251697540        6.91572277627420392480063309264221905E-0002
   8.4500001259148121        5.55774164451218704843271712814696591E-0002
   8.5000001266598701        4.19392172493118172699836307174107888E-0002
   8.5500001274049282        2.82764888554425674424648926271858657E-0002
   8.6000001281499863        1.46229563251894981648745407175240237E-0002
   8.6500001288950443        1.01213121570245110159663393616779890E-0003
   8.7000001296401024       -1.25227674160667507701231229355216362E-0002
   8.7500001303851604       -2.59488909358712955948788424813559449E-0002
   8.8000001311302185       -3.92338378045866931704425729125190475E-0002
   8.8500001318752766       -5.23457288244687087003821405286510631E-0002
   8.9000001326203346       -6.52532807891222849914566121034240909E-0002
   8.9500001333653927       -7.79258783706296927312271299644694930E-0002
   9.0000001341104507       -9.03336440817855502978248744670607814E-0002
   9.0500001348555088      -0.102447506156977899735332615127879480      
   9.1000001356005669      -0.114239264200943318225031443245516493      
   9.1500001363456249      -0.125681652458778750110382761029226268      
   9.2000001370906830      -0.136748400569529400245234086829409562      
   9.2500001378357410      -0.147414291669125788084710918445624597      
   9.3000001385807991      -0.157655217716892851618984194635246628      
   9.3500001393258572      -0.167448231927209522684766989109674899      
   9.4000001400709152      -0.176771598192842090918231092157142489      
   9.4500001408159733      -0.185604837397009100206321758274596421      
   9.5000001415610313      -0.193928770516161252284551476479027897      
   9.5500001423060894      -0.201725558425948570387899101848490802      
   9.6000001430511475      -0.208978738328117204001163897400181808      
   9.6500001437962055      -0.215673256726898923128631668098333806      
   9.7000001445412636      -0.221795498890762728970125682656326835      
   9.7500001452863216      -0.227333314743422018339353602923776321      
   9.8000001460313797      -0.232276041136989009217677353135559045      
   9.8500001467764378      -0.236614520469896071050032223304343699      
   9.9000001475214958      -0.240341115620717417424491391629510479      
   9.9500001482665539      -0.243449721173714525174726176949606524      
   10.000000149011612      -0.245935770929321404843039054522752608      
   10.050000149756670      -0.247796241692992227932645420832627680      
   10.100000150501728      -0.249029653349357230962325737362892305      
   10.150000151246786      -0.249636065237749975025805841485072717      
   10.200000151991844      -0.249617068848477484635154008929322104      
   10.250000152736902      -0.248975776877677572700225350937025804      
   10.300000153481960      -0.247716808675645625004388033941882830      
   10.350000154227018      -0.245846272140959247857742812189086863      
   10.400000154972076      -0.243371742117424670275829638518572484      
   10.450000155717134      -0.240302235357317839579281523677283297      
   10.500000156462193      -0.236648182125270990987128898563982751      
   10.550000157207251      -0.232421394524182737072495545157704705      
   10.600000157952309      -0.227635031631389819894298581490786069      
   10.650000158697367      -0.222303561539748484412560029007001671      
   10.700000159442425      -0.216442720407974379769947566455590147      
   10.750000160187483      -0.210069468629438279177331192851804473      
   10.800000160932541      -0.203201944232778687046148327744284890      
   10.850000161677599      -0.195859413641946818345183258341883107      
   10.900000162422657      -0.188062219918774897056573494363926252      
   10.950000163167715      -0.179831728622840781751831905553871320      
   11.000000163912773      -0.171190271429910889750358954713621009      
   11.050000164657831      -0.162161087648889171140656771380294779      
   11.100000165402889      -0.152768263789347507028607857178531536      
   11.150000166147947      -0.143036671329184905910921922929006071      
   11.200000166893005      -0.132991902837925255152502756394334110      
   11.250000167638063      -0.122660206619758870324416246941047194      
   11.300000168383121      -0.112068420033001446296160645565565861      
   11.350000169128180      -0.101243901655053044276972580535617230      
   11.400000169873238       -9.02144624589742945409285527797000050E-0002
   11.450000170618296       -7.90082961705908982713720804250296860E-0002
   11.500000171363354       -6.76539089762265628883349024273568067E-0002
   11.550000172108412       -5.61800487519429092249476103834939650E-0002
   11.600000172853470       -4.46156339920190681946397232950282418E-0002
   11.650000173598528       -3.29896825991086810315718039231087965E-0002
   11.700000174343586       -2.13312407141525494935199156329225125E-0002
   11.750000175088644       -9.66931175673038219038843687519839740E-0003
   11.800000175833702        1.96721415062549597622094739389694152E-0003
   11.850000176578760        1.35496302189711351721202123297724904E-0002
   11.900000177323818        2.50494823033048841449052968857636905E-0002
   11.950000178068876        3.64386373438328996895255453695814665E-0002
   12.000000178813934        4.76893507511958620719318180190033749E-0002
   12.050000179558992        5.87743326104554116586880141671279823E-0002
   12.100000180304050        6.96668125063790275252232733954491767E-0002
   12.150000181049109        8.03406028648650483107422467948663160E-0002
   12.200000181794167        9.07701606168671785912571481371673809E-0002
   12.250000182539225       0.100930647082926981414796771821982052      
   12.300000183284283       0.110797985911495326466193008782960027      
   12.350000184029341       0.120348918946764809504514267264021386      
   12.400000184774399       0.129561059908488030397202504379685101      
   12.450000185519457       0.138412945735611758444605629041427267      
   12.500000186264515       0.146884085521684862187102655814060935      
   12.550000187009573       0.154955006882062478446738890558993590      
   12.600000187754631       0.162607299669745562713858288944338784      
   12.650000188499689       0.169823656981473121293093669228298137      
   12.700000189244747       0.176587913284714691135322835429768515      
   12.750000189989805       0.182885079658904201029728731284204822      
   12.800000190734863       0.188701376031398828058130578281433455      
   12.850000191479921       0.194024260350545190022480751655945340      
   12.900000192224979       0.198842454670413427023518532176731588      
   12.950000192970037       0.203145967996663755385200813436626118      
   13.000000193715096       0.206926115987725024402695658190367035      
   13.050000194460154       0.210175537366463709823244081314297602      
   13.100000195205212       0.212888207042940802330725596518454834      
   13.150000195950270       0.215059445951569710430648984931707034      
   13.200000196695328       0.216685927557853098277413215339176298      
   13.250000197440386       0.217765681074713022687692257947786159      
   13.300000198185444       0.218298091308640970574222911995049241      
   13.350000198930502       0.218283895254356818585224607719599645      
   13.400000199675560       0.217725175362405525353659157112801855      
   13.450000200420618       0.216625349583187612251954382433537695      
   13.500000201165676       0.214989158146603461733290971908040680      
   13.550000201910734       0.212822647207884371396010491414072740      
   13.600000202655792       0.210133149310866256185406430711504685      
   13.650000203400850       0.206929260818377777929100130130790738      
   13.700000204145908       0.203220816317824314677600459344700097      
   13.750000204890966       0.199018860095168562122728788654702733      
   13.800000205636024       0.194335614742252293132246534685712885      
   13.850000206381083       0.189184447016205437203068744713806035      
   13.900000207126141       0.183579830970432446803128812735802836      
   13.950000207871199       0.177537308568243639630168923586757337      
   14.000000208616257       0.171073447783869429055321681551436663      
   14.050000209361315       0.164205798286950257763787921402276376      
   14.100000210106373       0.156952845038541165496933571150632954      
   14.150000210851431       0.149333959520564130064327874079734938      
   14.200000211596489       0.141369349183902100258320833866657224      
   14.250000212341547       0.133080004863200558277364007603909031      
   14.300000213086605       0.124487646526016044418974712369562556      
   14.350000213831663       0.115614667389327976175352589869406624      
   14.400000214576721       0.106484076594062848442368346995494775      
   14.450000215321779        9.71194405592973823419637834695898167E-0002
   14.500000216066837        8.75448230881042337437738147106821918E-0002
   14.550000216811895        7.77847246021684499917636852842943622E-0002
   14.600000217556953        6.78640203682302018518593637599399992E-0002
   14.650000218302011        5.78078980622484387851838210739865852E-0002
   14.700000219047070        4.76417947963761645411184268887651282E-0002
   14.750000219792128        3.73913336051544008004109834925117429E-0002
   14.800000220537186        2.70822599674865157441346365331004278E-0002
   14.850000221282244        1.67403778382499319411847748098704219E-0002
   14.900000222027302        6.39148611826178203919844421735530177E-0003
   14.950000222772360       -3.93868494704970475262070507003161012E-0003
   15.000000223517418       -1.42245368388272573244763095915218784E-0002
   15.050000224262476       -2.44406653243195781441359893161263413E-0002
   15.100000225007534       -3.45619223837108873773563366027103496E-0002
   15.150000225752592       -4.45634774538318752025754732906264479E-0002
   15.200000226497650       -5.44208772572038156290619004767285538E-0002
   15.250000227242708       -6.41101051292226924727808433386933248E-0002
   15.300000227987766       -7.36076385346514815659398432938896660E-0002
   15.350000228732824       -8.28905056232453974721093857921844685E-0002
   15.400000229477882       -9.19363399629219895941161243887636669E-0002
   15.450000230222940      -0.100723433680498137075102496937987880      
   15.500000230967999      -0.109230789025724587606169906281788340      
   15.550000231713057      -0.117438167798816368690608790815531272      
   15.600000232458115      -0.125326138808400760030552336384442316      
   15.650000233203173      -0.132876123298648687943034385963773504      
   15.700000233948231      -0.140070438074595800276522158729173472      
   15.750000234693289      -0.146892336326535833161281155399221275      
   15.800000235438347      -0.153326045958798026473144183013745432      
   15.850000236183405      -0.159356805674085038117725538682204592      
   15.900000236928463      -0.164970897933129809020321283922089399      
   15.950000237673521      -0.170155680015866652720686140040830545      
   16.000000238418579      -0.174899611588444812839931114601257148      
   16.050000239163637      -0.179192280021116791299290155453350209      
   16.100000239908695      -0.183024422515776429291696342426573738      
   16.150000240653753      -0.186387945764836865820822933672861386      
   16.200000241398811      -0.189275942314661729870190036539750522      
   16.250000242143869      -0.191682703834240809205203242268363412      
   16.300000242888927      -0.193603732142343120143968762678543158      
   16.350000243633986      -0.195035746498305912317641612437367458      
   16.400000244379044      -0.195976688013876014188308522024501901      
   16.450000245124102      -0.196425721749652836198687217985854980      
   16.500000245869160      -0.196383234750159153983621282684749354      
   16.550000246614218      -0.195850831646928139562808103573456763      
   16.600000247359276      -0.194831327904905774198249660579873867      
   16.650000248104334      -0.193328738874609422769523667102546941      
   16.700000248849392      -0.191348267026451326558976671115212182      
   16.750000249594450      -0.188896285381811085670810893429354595      
   16.800000250339508      -0.185980319767443464581568788866580924      
   16.850000251084566      -0.182609026368972034079524206285896072      
   16.900000251829624      -0.178792167598955215377494703139955530      
   16.950000252574682      -0.174540585900740976997868580225566757      
   17.000000253319740      -0.169866174298668455823206389506062113      
   17.050000254064798      -0.164781844218932277570199659781613476      
   17.100000254809856      -0.159301492336868650607741781123438177      
   17.150000255554914      -0.153439963806008926383802168408448589      
   17.200000256299973      -0.147213014348311895647491628260563308      
   17.250000257045031      -0.140637269510996455590702972573092054      
   17.300000257790089      -0.133730183723278151648712908521787300      
   17.350000258535147      -0.126509995145729533013753608748023221      
   17.400000259280205      -0.118995681210499799234052534234265056      
   17.450000260025263      -0.111206911651103496506332153585919734      
   17.500000260770321      -0.103164000409869729621990076701202651      
   17.550000261515379       -9.48878570366097160747645053970363881E-0002
   17.600000262260437       -8.63999362508237276758935929792919158E-0002
   17.650000263005495       -7.77221869717361644506002357028459092E-0002
   17.700000263750553       -6.88770018252892880026545449468545738E-0002
   17.750000264495611       -5.98871650730088404879346439165724569E-0002
   17.800000265240669       -5.07758010114906098057325875912379085E-0002
   17.850000265985727       -4.15663231897529597799196945753843613E-0002
   17.900000266730785       -3.22823811748805187943607816506112967E-0002
   17.950000267475843       -2.29478124319707860301219503254716586E-0002
   18.000000268220901       -1.35865917065328127646340745056861333E-0002
   18.050000268965960       -4.22278047586342622079564328885139475E-0003
   18.100000269711018        5.11951572676835050771336347944403469E-0003
   18.150000270456076        1.44161972949887257586096694013265724E-0002
   18.200000271201134        2.36432105193849236595394776133218810E-0002
   18.250000271946192        3.27765899979479189284829320435181264E-0002
   18.300000272691250        4.17924953485042343498522774856598952E-0002
   18.350000273436308        5.06672458036133194508043084157933493E-0002
   18.400000274181366        5.93773519910133044478010439737925181E-0002
   18.450000274926424        6.78995391706945989471282929584812746E-0002
   18.500000275671482        7.62107727776644353270223900201965607E-0002
   18.550000276416540        8.42882711956710305397828111153745070E-0002
   18.600000277161598        9.21095158383970353370434371997587320E-0002
   18.650000277906656        9.96522551288261786029501462552738586E-0002
   18.700000278651714       0.106894499722037447102973627149591527      
   18.750000279396772       0.113814505313655670314692338310821478      
   18.800000280141830       0.120390758224013054900460902100110088      
   18.850000280886889       0.126601929417967683822222943443577902      
   18.900000281631947       0.132426838560037254841046352541975319      
   18.950000282377005       0.137844392240853295779693559760437541      
   19.000000283122063       0.142833507284427303298972300552402717      
   19.050000283867121       0.147373023435797048597703547192961910      
   19.100000284612179       0.151441596676011434172950792037568527      
   19.150000285357237       0.155017562294101980242379347314787423      
   19.200000286102295       0.158078791778732420181186832236610840      
   19.250000286847353       0.160602510980805521323471468456262516      
   19.300000287592411       0.162565090671928358864691420392472628      
   19.350000288337469       0.163941819833753425144560016261026950      
   19.400000289082527       0.164706616926234844003519848536130003      
   19.450000289827585       0.164831732280791098605369607658449396      
   19.500000290572643       0.164287383180223136516918530712371794      
   19.550000291317701       0.163041346694616512327492595952398820      
   19.600000292062759       0.161058503345266629581072639981760031      
   19.650000292807817       0.158300308420575684139363408353923168      
   19.700000293552876       0.154724203839192491804806455090088413      
   19.750000294297934       0.150282943286352975258935434106254399      
   19.800000295042992       0.144923840087107848313459075932768484      
   19.850000295788050       0.138587915265874733687498306395323755      
   19.900000296533108       0.131208931540679633240523048081164418      
   19.950000297278166       0.122712310986363226058511635207930340      
