0.00000   0.00000   0.27280   0.00000  -1.44640
   0.00000   0.00000   0.26598   0.00682  -1.42998
   0.00000   0.00000   0.25916   0.01364  -1.41045
   0.00000   0.00000   0.25234   0.02046  -1.38817
   0.00000   0.00000   0.24552   0.02728  -1.36341
   0.00000   0.00000   0.23870   0.03410  -1.33646
   0.00000   0.00000   0.23188   0.04092  -1.30737
   0.00000   0.00000   0.22506   0.04774  -1.27639
   0.00000   0.00000   0.21824   0.05456  -1.24357
   0.00000   0.00000   0.21142   0.06138  -1.20913
   0.00000   0.00000   0.20460   0.06820  -1.17300
   0.00000   0.00000   0.19778   0.07502  -1.13560
   0.00000   0.00000   0.19096   0.08184  -1.09686
   0.00000   0.00000   0.18414   0.08866  -1.05691
   0.00000   0.00000   0.17732   0.09548  -1.01586
   0.00000   0.00000   0.17050   0.10230  -0.97379
   0.00000   0.00000   0.16368   0.10912  -0.93083
   0.00000   0.00000   0.15686   0.11594  -0.88723
   0.00000   0.00000   0.15004   0.12276  -0.84298
   0.00000   0.00000   0.14322   0.12958  -0.79825
   0.00000   0.00000   0.13640   0.13640  -0.75320
   0.00000   0.00000   0.12958   0.14322  -0.70797
   0.00000   0.00000   0.12276   0.15004  -0.66273
   0.00000   0.00000   0.11594   0.15686  -0.61768
   0.00000   0.00000   0.10912   0.16368  -0.57298
   0.00000   0.00000   0.10230   0.17050  -0.52883
   0.00000   0.00000   0.09548   0.17732  -0.48547
   0.00000   0.00000   0.08866   0.18414  -0.44314
   0.00000   0.00000   0.08184   0.19096  -0.40208
   0.00000   0.00000   0.07502   0.19778  -0.36258
   0.00000   0.00000   0.06820   0.20460  -0.32494
   0.00000   0.00000   0.06138   0.21142  -0.28945
   0.00000   0.00000   0.05456   0.21824  -0.25644
   0.00000   0.00000   0.04774   0.22506  -0.22622
   0.00000   0.00000   0.04092   0.23188  -0.19916
   0.00000   0.00000   0.03410   0.23870  -0.17555
   0.00000   0.00000   0.02728   0.24552  -0.15561
   0.00000   0.00000   0.02046   0.25234  -0.13956
   0.00000   0.00000   0.01364   0.25916  -0.12637
   0.00000   0.00000   0.00682   0.26598  -0.08191
   0.00000   0.00000   0.00000   0.27280  -0.00580
   0.00475  -0.00475   0.00000   0.27951  -0.01633
   0.00950  -0.00950   0.00000   0.28623  -0.02291
   0.01425  -0.01425   0.00000   0.29295  -0.03095
   0.01900  -0.01900   0.00000   0.29966  -0.04200
   0.02375  -0.02375   0.00000   0.30638  -0.05636
   0.02850  -0.02850   0.00000   0.31310  -0.07407
   0.03325  -0.03325   0.00000   0.31982  -0.09498
   0.03800  -0.03800   0.00000   0.32653  -0.11880
   0.04275  -0.04275   0.00000   0.33325  -0.14513
   0.04750  -0.04750   0.00000   0.33997  -0.17343
   0.05224  -0.05224   0.00000   0.34668  -0.19477
   0.05699  -0.05699   0.00000   0.35340  -0.21605
   0.06174  -0.06174   0.00000   0.36012  -0.23712
   0.06649  -0.06649   0.00000   0.36683  -0.25790
   0.07124  -0.07124   0.00000   0.37355  -0.27827
   0.07599  -0.07599   0.00000   0.38027  -0.29829
   0.08075  -0.08075   0.00000   0.38699  -0.31799
   0.08549  -0.08549   0.00000   0.39370  -0.33739
   0.09024  -0.09024   0.00000   0.40042  -0.35657
   0.09499  -0.09499   0.00000   0.40713  -0.37560
   0.09974  -0.09974   0.00000   0.41385  -0.39456
   0.10449  -0.10449   0.00000   0.42057  -0.41344
   0.10924  -0.10924   0.00000   0.42729  -0.43229
   0.11399  -0.11399   0.00000   0.43401  -0.45115
   0.11874  -0.11874   0.00000   0.44072  -0.47006
   0.12349  -0.12349   0.00000   0.44743  -0.48901
   0.12824  -0.12824   0.00000   0.45415  -0.50800
   0.13299  -0.13299   0.00000   0.46087  -0.52706
   0.13774  -0.13774   0.00000   0.46759  -0.54609
   0.14249  -0.14249   0.00000   0.47431  -0.56510
   0.14724  -0.14724   0.00000   0.48102  -0.58401
   0.15198  -0.15198   0.00000   0.48774  -0.60283
   0.15673  -0.15673   0.00000   0.49445  -0.62147
   0.16149  -0.16149   0.00000   0.50117  -0.63986
   0.16624  -0.16624   0.00000   0.50789  -0.65791
   0.17099  -0.17099   0.00000   0.51461  -0.67557
   0.17574  -0.17574   0.00000   0.52133  -0.69274
   0.18049  -0.18049   0.00000   0.52804  -0.70933
   0.18523  -0.18523   0.00000   0.53475  -0.72523
   0.18998  -0.18998   0.00000   0.54147  -0.74038
   0.19473  -0.19473   0.00000   0.54819  -0.75468
   0.19948  -0.19948   0.00000   0.55491  -0.76804
   0.20423  -0.20423   0.00000   0.56163  -0.78042
   0.20898  -0.20898   0.00000   0.56834  -0.79176
   0.21373  -0.21373   0.00000   0.57506  -0.80200
   0.21848  -0.21848   0.00000   0.58177  -0.81115
   0.22323  -0.22323   0.00000   0.58849  -0.81929
   0.22798  -0.22798   0.00000   0.59521  -0.82638
   0.23273  -0.23273   0.00000   0.60193  -0.83268
   0.23748  -0.23748   0.00000   0.60864  -0.83836
   0.24223  -0.24223   0.00000   0.61536  -0.84380
   0.24698  -0.24698   0.00000   0.62208  -0.84945
   0.25173  -0.25173   0.00000   0.62879  -0.85584
   0.25648  -0.25648   0.00000   0.63551  -0.86352
   0.26123  -0.26123   0.00000   0.64223  -0.87300
   0.26598  -0.26598   0.00000   0.64894  -0.88452
   0.26598  -0.26598  -0.00682   0.65576  -0.88747
   0.26598  -0.26598  -0.01364   0.66258  -0.89644
   0.26598  -0.26598  -0.02046   0.66940  -0.91046
   0.26598  -0.26598  -0.02728   0.67622  -0.92874
   0.26598  -0.26598  -0.03410   0.68304  -0.95037
   0.26598  -0.26598  -0.04092   0.68986  -0.97437
   0.26598  -0.26598  -0.04774   0.69668  -0.99977
   0.26598  -0.26598  -0.05456   0.70350  -1.02575
   0.26598  -0.26598  -0.06138   0.71032  -1.05152
   0.26598  -0.26598  -0.06820   0.71714  -1.07648
   0.26598  -0.26598  -0.07502   0.72396  -1.10008
   0.26598  -0.26598  -0.08184   0.73078  -1.12191
   0.26598  -0.26598  -0.08866   0.73760  -1.14168
   0.26598  -0.26598  -0.09548   0.74442  -1.15914
   0.26598  -0.26598  -0.10230   0.75124  -1.17414
   0.26598  -0.26598  -0.10912   0.75806  -1.18653
   0.26598  -0.26598  -0.11594   0.76488  -1.19625
   0.26598  -0.26598  -0.12276   0.77170  -1.20322
   0.26598  -0.26598  -0.12958   0.77852  -1.20743
   0.26598  -0.26598  -0.13640   0.78534  -1.20879
   0.26598  -0.25916  -0.13640   0.79216  -1.20337
   0.26598  -0.25234  -0.13640   0.79898  -1.18921
   0.26598  -0.24552  -0.13640   0.80580  -1.17175
   0.26598  -0.23870  -0.13640   0.81262  -1.15478
   0.26598  -0.23188  -0.13640   0.81944  -1.13999
   0.26598  -0.22506  -0.13640   0.82626  -1.12818
   0.26598  -0.21824  -0.13640   0.83308  -1.11984
   0.26598  -0.21142  -0.13640   0.83990  -1.11515
   0.26598  -0.20460  -0.13640   0.84672  -1.11423
   0.26598  -0.19778  -0.13640   0.85355  -1.11707
   0.26598  -0.19096  -0.13640   0.86036  -1.12353
   0.26598  -0.18414  -0.13640   0.86718  -1.13343
   0.26598  -0.17732  -0.13640   0.87400  -1.14639
   0.26598  -0.17050  -0.13640   0.88082  -1.16196
   0.26598  -0.16368  -0.13640   0.88764  -1.17938
   0.26598  -0.15686  -0.13640   0.89446  -1.19740
   0.26598  -0.15004  -0.13640   0.90128  -1.21352
   0.26598  -0.14322  -0.13640   0.90810  -1.22381
   0.26598  -0.13640  -0.13640   0.91492  -1.22570
   0.26598  -0.12958  -0.13640   0.92174  -1.22099
   0.26598  -0.12276  -0.13640   0.92856  -1.21257
   0.26598  -0.11594  -0.13640   0.93538  -1.20214
   0.26598  -0.10912  -0.13640   0.94220  -1.19064
   0.26598  -0.10230  -0.13640   0.94902  -1.17861
   0.26598  -0.09548  -0.13640   0.95584  -1.16643
   0.26598  -0.08866  -0.13640   0.96266  -1.15439
   0.26598  -0.08184  -0.13640   0.96948  -1.14270
   0.26598  -0.07502  -0.13640   0.97630  -1.13154
   0.26598  -0.06820  -0.13640   0.98312  -1.12102
   0.26598  -0.06138  -0.13640   0.98994  -1.11123
   0.26598  -0.05456  -0.13640   0.99676  -1.10233
   0.26598  -0.04774  -0.13640   1.00358  -1.09431
   0.26598  -0.04092  -0.13640   1.01040  -1.08730
   0.26598  -0.03410  -0.13640   1.01722  -1.08131
   0.26598  -0.02728  -0.13640   1.02404  -1.07640
   0.26598  -0.02046  -0.13640   1.03086  -1.07254
   0.26598  -0.01364  -0.13640   1.03768  -1.06978
   0.26598  -0.00682  -0.13640   1.04450  -1.06814
   0.26598   0.00000  -0.13640   1.05132  -1.06762
   0.25993   0.00000  -0.13330   1.05811  -1.05335
   0.25389   0.00000  -0.13020   1.06491  -1.03543
   0.24784   0.00000  -0.12710   1.07170  -1.01445
   0.24180   0.00000  -0.12400   1.07849  -0.99094
   0.23575   0.00000  -0.12090   1.08529  -0.96537
   0.22971   0.00000  -0.11780   1.09208  -0.93817
   0.22366   0.00000  -0.11470   1.09888  -0.90969
   0.21762   0.00000  -0.11160   1.10567  -0.88024
   0.21157   0.00000  -0.10850   1.11246  -0.85006
   0.20553   0.00000  -0.10540   1.11926  -0.81935
   0.19948   0.00000  -0.10230   1.12605  -0.78830
   0.19344   0.00000  -0.09920   1.13284  -0.75698
   0.18739   0.00000  -0.09610   1.13964  -0.72551
   0.18135   0.00000  -0.09300   1.14643  -0.69409
   0.17531   0.00000  -0.08990   1.15322  -0.66268
   0.16926   0.00000  -0.08680   1.16002  -0.63138
   0.16321   0.00000  -0.08370   1.16681  -0.60020
   0.15717   0.00000  -0.08060   1.17361  -0.56923
   0.15112   0.00000  -0.07750   1.18040  -0.53847
   0.14508   0.00000  -0.07440   1.18719  -0.50799
   0.13903   0.00000  -0.07130   1.19398  -0.47775
   0.13299   0.00000  -0.06820   1.20078  -0.44787
   0.12695   0.00000  -0.06510   1.20757  -0.41837
   0.12090   0.00000  -0.06200   1.21436  -0.38928
   0.11485   0.00000  -0.05890   1.22116  -0.36069
   0.10881   0.00000  -0.05580   1.22795  -0.33266
   0.10276   0.00000  -0.05270   1.23474  -0.30523
   0.09672   0.00000  -0.04960   1.24154  -0.27849
   0.09067   0.00000  -0.04650   1.24833  -0.25251
   0.08463   0.00000  -0.04340   1.25512  -0.22742
   0.07859   0.00000  -0.04030   1.26192  -0.20331
   0.07254   0.00000  -0.03720   1.26871  -0.18029
   0.06649   0.00000  -0.03410   1.27550  -0.15849
   0.06045   0.00000  -0.03100   1.28230  -0.13806
   0.05440   0.00000  -0.02790   1.28909  -0.11913
   0.04836   0.00000  -0.02480   1.29588  -0.10196
   0.04232   0.00000  -0.02170   1.30268  -0.08661
   0.03627   0.00000  -0.01860   1.30947  -0.07329
   0.03023   0.00000  -0.01550   1.31626  -0.06215
   0.02418   0.00000  -0.01240   1.32306  -0.05327
   0.01813   0.00000  -0.00930   1.32985  -0.04648
   0.01209   0.00000  -0.00620   1.33664  -0.04051
   0.00604   0.00000  -0.00310   1.34344  -0.02998
   0.00000   0.00000   0.00000   1.35023  -0.00580
