6.519030e-01 5.915960e-01 5.124770e-01 5.369650e-01 5.746630e-01 5.369650e-01
 6.519030e-01 6.519030e-01 6.519030e-01 5.915960e-01 5.324950e-01 5.201300e-01
 5.399280e-01 5.336720e-01 5.399280e-01 5.915960e-01 5.915960e-01 5.915960e-01
 5.124770e-01 5.201300e-01 5.137030e-01 4.946280e-01 4.930780e-01 5.137030e-01
 5.124770e-01 5.124770e-01 5.201300e-01 5.369650e-01 5.399280e-01 4.946280e-01
 4.984140e-01 4.984140e-01 4.946280e-01 5.369650e-01 5.369650e-01 5.399280e-01
 5.746630e-01 5.336720e-01 4.930780e-01 4.984140e-01 0.000000e+00 4.930780e-01
 5.746630e-01 5.746630e-01 5.336720e-01 5.369650e-01 5.399280e-01 5.137030e-01
 4.946280e-01 4.930780e-01 4.946280e-01 5.369650e-01 5.369650e-01 5.399280e-01
 6.519030e-01 5.915960e-01 5.124770e-01 5.369650e-01 5.746630e-01 5.369650e-01
 5.124770e-01 6.519030e-01 6.519030e-01 6.519030e-01 5.915960e-01 5.124770e-01
 5.369650e-01 5.746630e-01 5.369650e-01 6.519030e-01 5.915960e-01 6.519030e-01
 5.915960e-01 5.324950e-01 5.201300e-01 5.399280e-01 5.336720e-01 5.399280e-01
 5.915960e-01 5.915960e-01 5.915960e-01 5.324950e-01 5.115910e-01 4.990800e-01
 4.997920e-01 4.994160e-01 5.115910e-01 5.324950e-01 4.946280e-01 4.946280e-01
 5.201300e-01 4.990800e-01 5.393080e-01 5.213870e-01 5.060200e-01 4.990800e-01
 5.201300e-01 4.930780e-01 4.990800e-01 5.399280e-01 4.997920e-01 5.213870e-01
 4.712950e-01 4.712950e-01 4.997920e-01 5.399280e-01 4.984140e-01 4.997920e-01
 5.336720e-01 4.994160e-01 5.060200e-01 4.712950e-01 0.000000e+00 4.994160e-01
 5.336720e-01 5.115910e-01 4.994160e-01 5.399280e-01 5.115910e-01 4.990800e-01
 4.997920e-01 4.994160e-01 4.997920e-01 5.399280e-01 4.946280e-01 4.946280e-01
 5.915960e-01 5.324950e-01 5.201300e-01 5.399280e-01 5.336720e-01 5.399280e-01
 5.324950e-01 5.915960e-01 5.915960e-01 5.915960e-01 4.946280e-01 4.930780e-01
 4.984140e-01 5.115910e-01 4.946280e-01 5.915960e-01 4.946280e-01 5.915960e-01
 5.124770e-01 5.201300e-01 5.137030e-01 4.946280e-01 4.930780e-01 5.137030e-01
 5.124770e-01 5.124770e-01 5.201300e-01 5.201300e-01 4.990800e-01 5.393080e-01
 5.213870e-01 5.060200e-01 4.990800e-01 5.201300e-01 4.930780e-01 4.990800e-01
 5.137030e-01 5.393080e-01 4.829090e-01 4.326500e-01 4.829090e-01 5.393080e-01
 5.137030e-01 5.393080e-01 0.000000e+00 4.946280e-01 5.213870e-01 4.326500e-01
 4.052090e-01 4.326500e-01 5.213870e-01 4.946280e-01 5.213870e-01 0.000000e+00
 4.930780e-01 5.060200e-01 4.829090e-01 4.326500e-01 0.000000e+00 5.060200e-01
 4.930780e-01 5.060200e-01 0.000000e+00 5.137030e-01 4.990800e-01 5.393080e-01
 5.213870e-01 5.060200e-01 5.393080e-01 5.137030e-01 4.930780e-01 4.990800e-01
 5.124770e-01 5.201300e-01 5.137030e-01 4.946280e-01 4.930780e-01 5.137030e-01
 5.201300e-01 5.124770e-01 5.201300e-01 5.124770e-01 4.930780e-01 5.393080e-01
 5.213870e-01 5.060200e-01 4.930780e-01 5.124770e-01 4.930780e-01 4.990800e-01
 5.369650e-01 5.399280e-01 4.946280e-01 4.984140e-01 4.984140e-01 4.946280e-01
 5.369650e-01 5.369650e-01 5.399280e-01 5.399280e-01 4.997920e-01 5.213870e-01
 4.712950e-01 4.712950e-01 4.997920e-01 5.399280e-01 4.984140e-01 4.997920e-01
 4.946280e-01 5.213870e-01 4.326500e-01 4.052090e-01 4.326500e-01 5.213870e-01
 4.946280e-01 5.213870e-01 0.000000e+00 4.984140e-01 4.712950e-01 4.052090e-01
 3.929310e-01 4.052090e-01 4.712950e-01 4.984140e-01 4.712950e-01 4.052090e-01
 4.984140e-01 4.712950e-01 4.326500e-01 4.052090e-01 4.052090e-01 4.712950e-01
 4.984140e-01 4.712950e-01 0.000000e+00 4.946280e-01 4.997920e-01 5.213870e-01
 4.712950e-01 4.712950e-01 5.213870e-01 4.946280e-01 4.984140e-01 4.997920e-01
 5.369650e-01 5.399280e-01 4.946280e-01 4.984140e-01 4.984140e-01 4.946280e-01
 5.399280e-01 5.369650e-01 5.399280e-01 5.369650e-01 4.984140e-01 5.213870e-01
 4.712950e-01 4.712950e-01 4.984140e-01 5.369650e-01 4.984140e-01 4.997920e-01
 5.746630e-01 5.336720e-01 4.930780e-01 4.984140e-01 0.000000e+00 4.930780e-01
 5.746630e-01 5.746630e-01 5.336720e-01 5.336720e-01 4.994160e-01 5.060200e-01
 4.712950e-01 0.000000e+00 4.994160e-01 5.336720e-01 5.115910e-01 4.994160e-01
 4.930780e-01 5.060200e-01 4.829090e-01 4.326500e-01 0.000000e+00 5.060200e-01
 4.930780e-01 5.060200e-01 0.000000e+00 4.984140e-01 4.712950e-01 4.326500e-01
 4.052090e-01 4.052090e-01 4.712950e-01 4.984140e-01 4.712950e-01 0.000000e+00
 0.000000e+00 0.000000e+00 0.000000e+00 4.052090e-01 0.000000e+00 0.000000e+00
 0.000000e+00 0.000000e+00 0.000000e+00 4.930780e-01 4.994160e-01 5.060200e-01
 4.712950e-01 0.000000e+00 5.060200e-01 4.930780e-01 5.115910e-01 4.994160e-01
 5.746630e-01 5.336720e-01 4.930780e-01 4.984140e-01 0.000000e+00 4.930780e-01
 5.336720e-01 5.746630e-01 5.336720e-01 5.746630e-01 5.115910e-01 5.060200e-01
 4.712950e-01 0.000000e+00 5.115910e-01 5.746630e-01 5.115910e-01 4.994160e-01
 5.369650e-01 5.399280e-01 5.137030e-01 4.946280e-01 4.930780e-01 4.946280e-01
 5.369650e-01 5.369650e-01 5.399280e-01 5.399280e-01 5.115910e-01 4.990800e-01
 4.997920e-01 4.994160e-01 4.997920e-01 5.399280e-01 4.946280e-01 4.946280e-01
 5.137030e-01 4.990800e-01 5.393080e-01 5.213870e-01 5.060200e-01 5.393080e-01
 5.137030e-01 4.930780e-01 4.990800e-01 4.946280e-01 4.997920e-01 5.213870e-01
 4.712950e-01 4.712950e-01 5.213870e-01 4.946280e-01 4.984140e-01 4.997920e-01
 4.930780e-01 4.994160e-01 5.060200e-01 4.712950e-01 0.000000e+00 5.060200e-01
 4.930780e-01 5.115910e-01 4.994160e-01 4.946280e-01 4.997920e-01 5.393080e-01
 5.213870e-01 5.060200e-01 5.213870e-01 4.946280e-01 4.984140e-01 4.997920e-01
 5.369650e-01 5.399280e-01 5.137030e-01 4.946280e-01 4.930780e-01 4.946280e-01
 5.399280e-01 5.369650e-01 5.399280e-01 5.369650e-01 4.946280e-01 4.930780e-01
 4.984140e-01 5.115910e-01 4.984140e-01 5.369650e-01 4.946280e-01 5.915960e-01
 6.519030e-01 5.915960e-01 5.124770e-01 5.369650e-01 5.746630e-01 5.369650e-01
 5.124770e-01 6.519030e-01 6.519030e-01 5.915960e-01 5.324950e-01 5.201300e-01
 5.399280e-01 5.336720e-01 5.399280e-01 5.324950e-01 5.915960e-01 5.915960e-01
 5.124770e-01 5.201300e-01 5.137030e-01 4.946280e-01 4.930780e-01 5.137030e-01
 5.201300e-01 5.124770e-01 5.201300e-01 5.369650e-01 5.399280e-01 4.946280e-01
 4.984140e-01 4.984140e-01 4.946280e-01 5.399280e-01 5.369650e-01 5.399280e-01
 5.746630e-01 5.336720e-01 4.930780e-01 4.984140e-01 0.000000e+00 4.930780e-01
 5.336720e-01 5.746630e-01 5.336720e-01 5.369650e-01 5.399280e-01 5.137030e-01
 4.946280e-01 4.930780e-01 4.946280e-01 5.399280e-01 5.369650e-01 5.399280e-01
 5.124770e-01 5.324950e-01 5.201300e-01 5.399280e-01 5.336720e-01 5.399280e-01
 5.201300e-01 5.124770e-01 5.915960e-01 6.519030e-01 5.915960e-01 5.124770e-01
 5.369650e-01 5.746630e-01 5.369650e-01 5.124770e-01 5.915960e-01 6.519030e-01
