  0.100000001      0.360000014    
  0.360000014      0.921600044    
  0.921600044      0.289013624    
  0.289013624      0.821938992    
  0.821938992      0.585421145    
  0.585421145      0.970812917    
  0.970812917      0.113340788    
  0.113340788      0.401978612    
  0.401978612      0.961567223    
  0.961567223      0.147822797    
  0.147822797      0.503884852    
  0.503884852      0.999939620    
  0.999939620       2.41503440E-04
   2.41503440E-04   9.65780462E-04
   9.65780462E-04   3.85939097E-03
   3.85939097E-03   1.53779844E-02
   1.53779844E-02   6.05660081E-02
   6.05660081E-02  0.227591068    
  0.227591068      0.703173518    
  0.703173518      0.834882081    
  0.834882081      0.551415980    
  0.551415980      0.989425600    
  0.989425600       4.18503284E-02
   4.18503284E-02  0.160395518    
  0.160395518      0.538675189    
  0.538675189      0.994016945    
  0.994016945       2.37890314E-02
   2.37890314E-02   9.28924531E-02
   9.28924531E-02  0.337053776    
  0.337053776      0.893794119    
  0.893794119      0.379704773    
  0.379704773      0.942116261    
  0.942116261      0.218132854    
  0.218132854      0.682203650    
  0.682203650      0.867207348    
  0.867207348      0.460635066    
  0.460635066      0.993801594    
  0.993801594       2.46399436E-02
   2.46399436E-02   9.61312652E-02
   9.61312652E-02  0.347560167    
  0.347560167      0.907048404    
  0.907048404      0.337246388    
  0.337246388      0.894045055    
  0.894045055      0.378913969    
  0.378913969      0.941352665    
  0.941352665      0.220831305    
  0.220831305      0.688259363    
  0.688259363      0.858233631    
  0.858233631      0.486674666    
  0.486674666      0.999289751    
  0.999289751       2.83897808E-03
   2.83897808E-03   1.13236727E-02
   1.13236727E-02   4.47817892E-02
   4.47817892E-02  0.171105519    
  0.171105519      0.567313671    
  0.567313671      0.981875479    
  0.981875479       7.11840913E-02
   7.11840913E-02  0.264467657    
  0.264467657      0.778098047    
  0.778098047      0.690645933    
  0.690645933      0.854616523    
  0.854616523      0.496988475    
  0.496988475      0.999963701    
  0.999963701       1.45191647E-04
   1.45191647E-04   5.80682245E-04
   5.80682245E-04   2.32138019E-03
   2.32138019E-03   9.26396530E-03
   9.26396530E-03   3.67125757E-02
   3.67125757E-02  0.141459048    
  0.141459048      0.485793531    
  0.485793531      0.999192715    
  0.999192715       3.22653446E-03
   3.22653446E-03   1.28644956E-02
   1.28644956E-02   5.07960021E-02
   5.07960021E-02  0.192863077    
  0.192863077      0.622667670    
  0.622667670      0.939810574    
  0.939810574      0.226266637    
  0.226266637      0.700280190    
  0.700280190      0.839551389    
  0.839551389      0.538819432    
  0.538819432      0.993972182    
  0.993972182       2.39659324E-02
   2.39659324E-02   9.35662687E-02
   9.35662687E-02  0.339246482    
  0.339246482      0.896633208    
  0.896633208      0.370728403    
  0.370728403      0.933155417    
  0.933155417      0.249505535    
  0.249505535      0.749010086    
  0.749010086      0.751975894    
  0.751975894      0.746032596    
  0.746032596      0.757871866    
  0.757871866      0.734008431    
  0.734008431      0.780960202    
  0.780960202      0.684245467    
  0.684245467      0.864214420    
  0.864214420      0.469391435    
  0.469391435      0.996252477    
  0.996252477       1.49339158E-02
