   3.2602849      0.59826231    
   3.1403830      8.69079828E-02
  7.65209198E-02   1.0457519    
   1.4798725      0.59426606    
  0.21507430      0.51572478    
   2.9874506       1.5129530    
   3.6570246      8.84481668E-02
   2.5389771       1.8071523    
   2.5132952       1.0039113    
   2.0138628       1.1927992    
  0.15635133       1.9274837    
   2.7784708       1.5410926    
   3.5807137       1.3461469    
  0.37891293      0.65078878    
   3.5996559       1.1402161    
   3.9453492       1.1386207    
  1.97334290E-02  0.36152315    
   1.0277293       1.3388847    
   3.6881173      0.98634756    
   3.8521907       1.9168830    
