   2.6580000      0.70119804    
   1.5879377      -1.5336552    
   2.0609138      0.20769712    
   1.1440281      -1.0482386    
   2.5161896      -2.6127830    
  0.74415964      0.11953995    
   1.6459383       1.0374261    
   1.8799144      -1.9521292    
   2.6302705       1.2155883    
   3.2679174       1.2490174    
  0.13441963     -0.18797034    
  8.28590989E-02  8.71551484E-02
   1.3375319      0.78381765    
   2.9923804       1.1833621    
   2.3419998      -2.2610891    
  0.66635954     -0.72963738    
   3.1807287      -3.1217363    
   3.3306394      -3.5161939    
   2.8571894      -2.8391564    
  0.82992768      0.81916487    
