   0.00000000       0.00000000       1.00000000      0.999999940    
   9.99999978E-03   9.99983307E-03  0.999914527      0.999922276    
   1.99999996E-02   1.99986659E-02  0.999867916      0.999914527    
   2.99999993E-02   2.99954992E-02  0.999588549      0.999573052    
   3.99999991E-02   3.99893336E-02  0.999122858      0.999122858    
   4.99999970E-02   4.99791652E-02  0.998564065      0.998408854    
   5.99999949E-02   5.99640012E-02  0.998005271      0.997912169    
   6.99999928E-02   6.99428394E-02  0.997632742      0.997694850    
   7.99999908E-02   7.99146816E-02  0.996515155      0.996701419    
   8.99999887E-02   8.98785368E-02  0.995770097      0.995521784    
   9.99999866E-02   9.98334065E-02  0.995025039      0.995211303    
  0.109999985      0.109778285      0.993907452      0.993659139    
  0.119999982      0.119712189      0.992417336      0.992231071    
  0.129999980      0.129634127      0.991672277      0.991796494    
  0.139999986      0.139543101      0.989437103      0.988940418    
  0.149999991      0.149438128      0.988692045      0.988692045    
  0.159999996      0.159318209      0.987201929      0.986953616    
  0.170000002      0.169182345      0.985711813      0.985711813    
  0.180000007      0.179029584      0.983476639      0.983476639    
  0.190000013      0.188858911      0.981986523      0.982359052    
  0.200000018      0.198669344      0.979751348      0.979751348    
  0.210000023      0.208459929      0.978261232      0.977888703    
  0.220000029      0.218229651      0.976026058      0.975777745    
  0.230000034      0.227977559      0.973045826      0.972921669    
  0.240000039      0.237702668      0.971555710      0.972176611    
  0.250000030      0.247403994      0.970065594      0.969941437    
  0.260000020      0.257080585      0.967085361      0.967333734    
  0.270000011      0.266731441      0.965595245      0.966340303    
  0.280000001      0.276355654      0.962615013      0.963111758    
  0.289999992      0.285952210      0.959634781      0.959883153    
  0.299999982      0.295520186      0.956654549      0.956406236    
  0.309999973      0.305058599      0.953674316      0.954916120    
  0.319999963      0.314566523      0.950694084      0.951190829    
  0.329999954      0.324042976      0.947713852      0.947465539    
  0.339999944      0.333487034      0.944733620      0.945478678    
  0.349999934      0.342897743      0.941753387      0.943491876    
  0.359999925      0.352274150      0.937283039      0.937034726    
  0.369999915      0.361615360      0.932812691      0.934054494    
  0.379999906      0.370920390      0.929832458      0.930329204    
  0.389999896      0.380188316      0.926852226      0.927845657    
  0.399999887      0.389418244      0.922381878      0.922381878    
  0.409999877      0.398609221      0.917911530      0.917663217    
  0.419999868      0.407760322      0.913441181      0.913192868    
  0.429999858      0.416870683      0.910460949      0.910709321    
  0.439999849      0.425939322      0.905990601      0.906238973    
  0.449999839      0.434965402      0.901520252      0.902762055    
  0.459999830      0.443947941      0.898540020      0.900278509    
  0.469999820      0.452886134      0.892579556      0.892331243    
  0.479999810      0.461778998      0.888109207      0.888357580    
  0.489999801      0.470625699      0.883638859      0.883390546    
  0.499999791      0.479425341      0.876188278      0.875691593    
  0.509999812      0.488177091      0.874698162      0.875443220    
  0.519999802      0.496879965      0.870227814      0.871221244    
  0.529999793      0.505533159      0.864267349      0.863770664    
  0.539999783      0.514135778      0.861287117      0.862280548    
  0.549999774      0.522687018      0.855326653      0.856320083    
  0.559999764      0.531185985      0.849366188      0.848869503    
  0.569999754      0.539631844      0.840425491      0.838935375    
  0.579999745      0.548023701      0.837445259      0.837942004    
  0.589999735      0.556360781      0.831484795      0.829994678    
  0.599999726      0.564642251      0.828504562      0.829497993    
  0.609999716      0.572867215      0.819563866      0.818073750    
  0.619999707      0.581034899      0.813603401      0.811616600    
  0.629999697      0.589144528      0.810623169      0.812610030    
  0.639999688      0.597195208      0.801682472      0.799695671    
  0.649999678      0.605186164      0.795722008      0.795722008    
  0.659999669      0.613116562      0.789761543      0.787278056    
  0.669999659      0.620985746      0.783801079      0.781317592    
  0.679999650      0.628792763      0.777840614      0.776350498    
  0.689999640      0.636536896      0.771880150      0.770886779    
  0.699999630      0.644217432      0.765919685      0.766913116    
  0.709999621      0.651833475      0.759959221      0.759959221    
  0.719999611      0.659384370      0.751018524      0.751515269    
  0.729999602      0.666869342      0.745058060      0.744561374    
  0.739999592      0.674287617      0.739097595      0.740587711    
  0.749999583      0.681638479      0.733137131      0.734627247    
  0.759999573      0.688921154      0.724196434      0.724196434    
  0.769999564      0.696134925      0.721216202      0.723699749    
  0.779999554      0.703279078      0.712275505      0.711282134    
  0.789999545      0.710352957      0.703334808      0.704824924    
  0.799999535      0.717355788      0.697374344      0.697871089    
  0.809999526      0.724286854      0.691413879      0.692903996    
  0.819999516      0.731145501      0.685453415      0.687936962    
  0.829999506      0.737931013      0.676512718      0.676016033    
  0.839999497      0.744642794      0.667572021      0.667075336    
  0.849999487      0.751280069      0.661611557      0.662604988    
  0.859999478      0.757842243      0.652670860      0.652670860    
  0.869999468      0.764328599      0.643730164      0.642240047    
  0.879999459      0.770738542      0.637769699      0.637273014    
  0.889999449      0.777071416      0.628829002      0.626842201    
  0.899999440      0.783326566      0.622868538      0.623861969    
  0.909999430      0.789503396      0.613927841      0.614424586    
  0.919999421      0.795601249      0.604987144      0.603000343    
  0.929999411      0.801619589      0.596046448      0.595053077    
  0.939999402      0.807557762      0.590085983      0.591576099    
  0.949999392      0.813415170      0.581145287      0.581642032    
  0.959999382      0.819191217      0.572204590      0.569721103    
  0.969999373      0.824885368      0.566244125      0.565250754    
  0.979999363      0.830497026      0.557303429      0.556806743    
  0.989999354      0.836025596      0.551342964      0.552833080    
  0.999999344      0.841470659      0.539422035      0.538428664    
   1.00999939      0.846831501      0.533461571      0.533461571    
   1.01999938      0.852107704      0.524520874      0.523030758    
   1.02999938      0.857298672      0.515580177      0.515580177    
   1.03999937      0.862403929      0.506639481      0.507136226    
   1.04999936      0.867422879      0.497698784      0.498195499    
   1.05999935      0.872355163      0.488758087      0.489254802    
   1.06999934      0.877200186      0.482797623      0.483791053    
   1.07999933      0.881957471      0.470876694      0.469883293    
   1.08999932      0.886626601      0.464916229      0.464419544    
   1.09999931      0.891207039      0.452995300      0.453988731    
   1.10999930      0.895698369      0.447034836      0.448028266    
   1.11999929      0.900100112      0.438094139      0.440577686    
   1.12999928      0.904411912      0.426173210      0.424683094    
   1.13999927      0.908633173      0.417232513      0.415245712    
   1.14999926      0.912763655      0.408291817      0.408291817    
   1.15999925      0.916802824      0.399351120      0.398854434    
   1.16999924      0.920750320      0.390410423      0.390410423    
   1.17999923      0.924605727      0.381469727      0.382463157    
   1.18999922      0.928368688      0.372529030      0.374019146    
   1.19999921      0.932038784      0.363588333      0.364581764    
   1.20999920      0.935615718      0.351667404      0.352660835    
   1.21999919      0.939099073      0.345706940      0.345706940    
   1.22999918      0.942488551      0.336766243      0.338753074    
   1.23999918      0.945783734      0.327825546      0.330309093    
   1.24999917      0.948984385      0.312924385      0.311434269    
   1.25999916      0.952090085      0.303983688      0.303983688    
   1.26999915      0.955100596      0.298023224      0.299513340    
   1.27999914      0.958015621      0.286102295      0.284612179    
   1.28999913      0.960834801      0.277161598      0.277161598    
   1.29999912      0.963557959      0.268220901      0.267227501    
   1.30999911      0.966184735      0.259280205      0.258286804    
   1.31999910      0.968714893      0.247359276      0.247359276    
   1.32999909      0.971148133      0.241398811      0.240902111    
   1.33999908      0.973484337      0.229477882      0.229477882    
   1.34999907      0.975723147      0.220537186      0.222524017    
   1.35999906      0.977864385      0.211596489      0.210106373    
   1.36999905      0.979907870      0.199675560      0.198185444    
   1.37999904      0.981853366      0.190734863      0.192224979    
   1.38999903      0.983700633      0.178813934      0.177323818    
   1.39999902      0.985449553      0.169873238      0.168383121    
   1.40999901      0.987099946      0.160932541      0.161429256    
   1.41999900      0.988651633      0.151991844      0.150998443    
   1.42999899      0.990104437      0.140070915      0.141561031    
   1.43999898      0.991458237      0.131130219      0.131130219    
   1.44999897      0.992712855      0.119209290      0.119705997    
   1.45999897      0.993868232      0.110268593      0.109771892    
   1.46999896      0.994924247      0.101327896      0.100831196    
   1.47999895      0.995880723       9.23871994E-02   9.08970833E-02
   1.48999894      0.996737659       8.04662704E-02   8.04662704E-02
   1.49999893      0.997494936       6.85453415E-02   7.00354576E-02
   1.50999892      0.998152435       6.25848770E-02   6.40749931E-02
   1.51999891      0.998710096       5.06639481E-02   5.16573600E-02
   1.52999890      0.999167919       4.17232513E-02   4.12265472E-02
   1.53999889      0.999525785       2.98023224E-02   2.83122063E-02
   1.54999888      0.999783754       2.08616257E-02   2.23517418E-02
   1.55999887      0.999941707       1.19209290E-02   1.09275188E-02
   1.56999886      0.999999702       0.00000000      -1.49011612E-03
   1.57999885      0.999957681      -8.94069672E-03  -7.45058060E-03
   1.58999884      0.999815643      -1.78813934E-02  -1.78813934E-02
   1.59999883      0.999573648      -2.98023224E-02  -3.02990284E-02
   1.60999882      0.999231696      -3.87430191E-02  -4.02331352E-02
   1.61999881      0.998789787      -5.06639481E-02  -5.16573600E-02
   1.62999880      0.998248041      -5.96046448E-02  -6.10947609E-02
   1.63999879      0.997606456      -6.85453415E-02  -6.95387572E-02
   1.64999878      0.996865153      -8.04662704E-02  -8.09629783E-02
   1.65999877      0.996024072      -8.94069672E-02  -8.84135589E-02
   1.66999876      0.995083451      -9.83476639E-02  -9.98377800E-02
   1.67999876      0.994043350     -0.110268593     -0.112752125    
   1.68999875      0.992903829     -0.119209290     -0.120202705    
   1.69999874      0.991664946     -0.128149986     -0.126163170    
   1.70999873      0.990327001     -0.140070915     -0.140567631    
   1.71999872      0.988889933     -0.149011612     -0.148018211    
   1.72999871      0.987354040     -0.160932541     -0.162422657    
   1.73999870      0.985719383     -0.169873238     -0.172356769    
   1.74999869      0.983986199     -0.178813934     -0.179310650    
   1.75999868      0.982154548     -0.187754631     -0.188748047    
   1.76999867      0.980224729     -0.196695328     -0.194708511    
   1.77999866      0.978196859     -0.205636024     -0.206132740    
   1.78999865      0.976071239     -0.217556953     -0.217060253    
   1.79999864      0.973847926     -0.226497650     -0.225007534    
   1.80999863      0.971527278     -0.238418579     -0.239908695    
   1.81999862      0.969109476     -0.247359276     -0.248352692    
   1.82999861      0.966594756     -0.256299973     -0.255803287    
   1.83999860      0.963983357     -0.268220901     -0.268220901    
   1.84999859      0.961275578     -0.277161598     -0.276168197    
   1.85999858      0.958471715     -0.283122063     -0.281631947    
   1.86999857      0.955571949     -0.295042992     -0.295042992    
   1.87999856      0.952576637     -0.303983688     -0.302990288    
   1.88999856      0.949486077     -0.315904617     -0.315407932    
   1.89999855      0.946300566     -0.321865082     -0.319878280    
   1.90999854      0.943020403     -0.333786011     -0.334282726    
   1.91999853      0.939646006     -0.342726707     -0.342230022    
   1.92999852      0.936177552     -0.351667404     -0.353157520    
   1.93999851      0.932615578     -0.360608101     -0.359117985    
   1.94999850      0.928960264     -0.369548798     -0.371038914    
   1.95999849      0.925212085     -0.381469727     -0.383456558    
   1.96999848      0.921371400     -0.387430191     -0.387430191    
   1.97999847      0.917438567     -0.399351120     -0.398854434    
   1.98999846      0.913414001     -0.408291817     -0.408788532    
   1.99999845      0.909298062     -0.414252281     -0.412762165    
   2.00999856      0.905091166     -0.426173210     -0.424683094    
   2.01999855      0.900793850     -0.432133675     -0.430643559    
   2.02999854      0.896406412     -0.444054604     -0.444551319    
   2.03999853      0.891929328     -0.452995300     -0.454485416    
   2.04999852      0.887363076     -0.461935997     -0.460445881    
   2.05999851      0.882708073     -0.470876694     -0.469883293    
   2.06999850      0.877964795     -0.479817390     -0.478823990    
   2.07999849      0.873133719     -0.488758087     -0.487267971    
   2.08999848      0.868215322     -0.497698784     -0.499685615    
   2.09999847      0.863210142     -0.506639481     -0.507136226    
   2.10999846      0.858118594     -0.515580177     -0.515083492    
   2.11999846      0.852941275     -0.521540642     -0.519057155    
   2.12999845      0.847678661     -0.530481339     -0.531474769    
   2.13999844      0.842331290     -0.539422035     -0.540912151    
   2.14999843      0.836899638     -0.548362732     -0.547369361    
   2.15999842      0.831384361     -0.557303429     -0.556310058    
   2.16999841      0.825785875     -0.563263893     -0.563760638    
   2.17999840      0.820104837     -0.575184822     -0.574191451    
   2.18999839      0.814341843     -0.581145287     -0.581145287    
   2.19999838      0.808497369     -0.590085983     -0.588595867    
   2.20999837      0.802572012     -0.599026680     -0.598033309    
   2.21999836      0.796566486     -0.604987144     -0.605980575    
   2.22999835      0.790481210     -0.613927841     -0.614424586    
   2.23999834      0.784316957     -0.619888306     -0.619391620    
   2.24999833      0.778074265     -0.628829002     -0.630319118    
   2.25999832      0.771753728     -0.637769699     -0.636279583    
   2.26999831      0.765356064     -0.646710396     -0.647207141    
   2.27999830      0.758881807     -0.652670860     -0.652174175    
   2.28999829      0.752331674     -0.658631325     -0.656644523    
   2.29999828      0.745706379     -0.667572021     -0.670055568    
   2.30999827      0.739006460     -0.673532486     -0.673532486    
   2.31999826      0.732232630     -0.679492950     -0.677506149    
   2.32999825      0.725385606     -0.688433647     -0.686943531    
   2.33999825      0.718465984     -0.694394112     -0.692407310    
   2.34999824      0.711474597     -0.703334808     -0.702838123    
   2.35999823      0.704412043     -0.712275505     -0.712275505    
   2.36999822      0.697279036     -0.718235970     -0.719229400    
   2.37999821      0.690076292     -0.724196434     -0.725189865    
   2.38999820      0.682804525     -0.733137131     -0.732143760    
   2.39999819      0.675464511     -0.739097595     -0.738104224    
   2.40999818      0.668056965     -0.745058060     -0.746051490    
   2.41999817      0.660582602     -0.753998756     -0.753005385    
   2.42999816      0.653042138     -0.756978989     -0.758469105    
   2.43999815      0.645436406     -0.762939453     -0.763436198    
   2.44999814      0.637766123     -0.771880150     -0.771383464    
   2.45999813      0.630032063     -0.777840614     -0.776350498    
   2.46999812      0.622235000     -0.783801079     -0.784794509    
   2.47999811      0.614375770     -0.789761543     -0.787774742    
   2.48999810      0.606455028     -0.798702240     -0.798702240    
   2.49999809      0.598473668     -0.804662704     -0.805159450    
   2.50999808      0.590432465     -0.810623169     -0.809629798    
   2.51999807      0.582332194     -0.813603401     -0.814596832    
   2.52999806      0.574173748     -0.819563866     -0.819563866    
   2.53999805      0.565957844     -0.825524330     -0.826517761    
   2.54999804      0.557685316     -0.831484795     -0.830988109    
   2.55999804      0.549357057     -0.837445259     -0.837445259    
   2.56999803      0.540973902     -0.843405724     -0.842909038    
   2.57999802      0.532536566     -0.849366188     -0.848869503    
   2.58999801      0.524046063     -0.852346420     -0.851849735    
   2.59999800      0.515503109     -0.858306885     -0.857810199    
   2.60999799      0.506908596     -0.864267349     -0.864764094    
   2.61999798      0.498263389     -0.868737698     -0.868986070    
   2.62999797      0.489568383     -0.873208046     -0.872959733    
   2.63999796      0.480824411     -0.877678394     -0.878423452    
   2.64999795      0.472032338     -0.883638859     -0.884383917    
   2.65999794      0.463193089     -0.888109207     -0.888357580    
   2.66999793      0.454307526     -0.892579556     -0.892082870    
   2.67999792      0.445376515     -0.897049904     -0.896553218    
   2.68999791      0.436400950     -0.901520252     -0.901520252    
   2.69999790      0.427381784     -0.905990601     -0.906238973    
   2.70999789      0.418319851     -0.908970833     -0.908722520    
   2.71999788      0.409216106     -0.913441181     -0.914186239    
   2.72999787      0.400071412     -0.916421413     -0.916421413    
   2.73999786      0.390886754     -0.922381878     -0.922878623    
   2.74999785      0.381662965     -0.925362110     -0.925610483    
   2.75999784      0.372401029     -0.928342342     -0.928342342    
   2.76999784      0.363101870     -0.932812691     -0.932564378    
   2.77999783      0.353766382     -0.935792923     -0.936041296    
   2.78999782      0.344395518     -0.938773155     -0.939021528    
   2.79999781      0.334990203     -0.943243504     -0.942995191    
   2.80999780      0.325551420     -0.947713852     -0.948210597    
   2.81999779      0.316080064     -0.950694084     -0.949949026    
   2.82999778      0.306577116     -0.952184200     -0.950942457    
   2.83999777      0.297043473     -0.956654549     -0.956654549    
   2.84999776      0.287480146     -0.958144665     -0.957151294    
   2.85999775      0.277888089     -0.962615013     -0.962366700    
   2.86999774      0.268268228     -0.965595245     -0.965843618    
   2.87999773      0.258621544     -0.968575478     -0.969072223    
   2.88999772      0.248948991     -0.970065594     -0.970438123    
   2.89999771      0.239251554     -0.972300768     -0.971928239    
   2.90999770      0.229530185     -0.974535942     -0.974784315    
   2.91999769      0.219785869     -0.976771116     -0.977019489    
   2.92999768      0.210019559     -0.979006290     -0.979006290    
   2.93999767      0.200232267     -0.981241465     -0.980868936    
   2.94999766      0.190424934     -0.982731581     -0.982731581    
   2.95999765      0.180598572     -0.984966755     -0.984842598    
   2.96999764      0.170754150     -0.986456871     -0.986581087    
   2.97999763      0.160892650     -0.987946987     -0.987946987    
   2.98999763      0.151015058     -0.989437103     -0.989561319    
   2.99999762      0.141122371     -0.990927219     -0.990803063    
   3.00999761      0.131215572     -0.993162394     -0.993286610    
   3.01999760      0.121295638     -0.993907452     -0.993721187    
   3.02999759      0.111363590     -0.995025039     -0.994900882    
   3.03999758      0.101420395     -0.996142626     -0.996204734    
   3.04999757       9.14670676E-02 -0.997260213     -0.997446477    
   3.05999756       8.15045834E-02 -0.998005271     -0.997943223    
   3.06999755       7.15339556E-02 -0.999122858     -0.999122858    
   3.07999754       6.15561716E-02 -0.999309123     -0.999309123    
   3.08999753       5.15722334E-02  -1.00005424      -1.00011635    
   3.09999752       4.15831394E-02  -1.00061297      -1.00067508    
   3.10999751       3.15898880E-02  -1.00079930      -1.00073719    
   3.11999750       2.15934739E-02  -1.00117183      -1.00120282    
   3.12999749       1.15949018E-02  -1.00126493      -1.00127268    
   3.13999748       1.59517059E-03  -1.00135803      -1.00136101    
   3.14999747      -8.40472057E-03  -1.00131154      -1.00130367    
   3.15999746      -1.84037704E-02  -1.00117183      -1.00112522    
   3.16999745      -2.84009799E-02  -1.00089240      -1.00086141    
   3.17999744      -3.83953489E-02  -1.00061297      -1.00070608    
   3.18999743      -4.83858809E-02  -1.00024045      -1.00011635    
   3.19999743      -5.83715737E-02 -0.999681652     -0.999650657    
   3.20999742      -6.83514252E-02 -0.999122858     -0.999184966    
   3.21999741      -7.83244446E-02 -0.998005271     -0.997819006    
   3.22999740      -8.82896334E-02 -0.997632742     -0.997881114    
   3.23999739      -9.82459933E-02 -0.996515155     -0.996577263    
   3.24999738     -0.108192526     -0.995397568     -0.995211303    
   3.25999737     -0.118128240     -0.994279981     -0.994093716    
   3.26999736     -0.128052145     -0.993162394     -0.993038237    
   3.27999735     -0.137963235     -0.991672277     -0.991423965    
   3.28999734     -0.147860542     -0.990927219     -0.991175592    
   3.29999733     -0.157743052     -0.988692045     -0.988816261    
   3.30999732     -0.167609796     -0.987201929     -0.986953616    
   3.31999731     -0.177459776     -0.984966755     -0.984594226    
   3.32999730     -0.187292010     -0.983476639     -0.983228326    
   3.33999729     -0.197105512     -0.981241465     -0.980868936    
   3.34999728     -0.206899315     -0.979751348     -0.979875565    
   3.35999727     -0.216672421     -0.977516174     -0.977516174    
   3.36999726     -0.226423860     -0.975281000     -0.974908471    
   3.37999725     -0.236152649     -0.973045826     -0.973294199    
   3.38999724     -0.245857835     -0.970810652     -0.970686495    
   3.39999723     -0.255538434     -0.968575478     -0.968575478    
   3.40999722     -0.265193462     -0.965595245     -0.965595245    
   3.41999722     -0.274821997     -0.962615013     -0.962118328    
   3.42999721     -0.284423023     -0.959634781     -0.959138095    
   3.43999720     -0.293995619     -0.958144665     -0.958889723    
   3.44999719     -0.303538829     -0.953674316     -0.953426003    
   3.45999718     -0.313051671     -0.950694084     -0.950445771    
   3.46999717     -0.322533220     -0.947713852     -0.947962224    
   3.47999716     -0.331982493     -0.943243504     -0.942250133    
   3.48999715     -0.341398597     -0.941753387     -0.940760016    
   3.49999714     -0.350780547     -0.938773155     -0.940014958    
   3.50999713     -0.360127419     -0.934302807     -0.935296237    
   3.51999712     -0.369438291     -0.931322575     -0.930825889    
   3.52999711     -0.378712207     -0.926852226     -0.926107168    
   3.53999710     -0.387948245     -0.923871994     -0.923375309    
   3.54999709     -0.397145510     -0.919401646     -0.919898391    
   3.55999708     -0.406303048     -0.914931297     -0.915428042    
   3.56999707     -0.415419936     -0.910460949     -0.909964263    
   3.57999706     -0.424495310     -0.905990601     -0.905245543    
   3.58999705     -0.433528215     -0.901520252     -0.900278509    
   3.59999704     -0.442517787     -0.897049904     -0.897049904    
   3.60999703     -0.451463103     -0.894069672     -0.893076301    
   3.61999702     -0.460363269     -0.888109207     -0.887860894    
   3.62999701     -0.469217420     -0.883638859     -0.882893801    
   3.63999701     -0.478024602     -0.880658627     -0.881403685    
   3.64999700     -0.486784011     -0.874698162     -0.875194907    
   3.65999699     -0.495494753     -0.870227814     -0.870972872    
   3.66999698     -0.504155934     -0.864267349     -0.864764094    
   3.67999697     -0.512766719     -0.858306885     -0.857313514    
   3.68999696     -0.521326184     -0.855326653     -0.855823398    
   3.69999695     -0.529833555     -0.849366188     -0.849862933    
   3.70999694     -0.538287938     -0.843405724     -0.842412353    
   3.71999693     -0.546688497     -0.837445259     -0.836451888    
   3.72999692     -0.555034339     -0.831484795     -0.830988109    
   3.73999691     -0.563324749     -0.825524330     -0.825524330    
   3.74999690     -0.571558774     -0.822544098     -0.822047412    
   3.75999689     -0.579735637     -0.813603401     -0.814596832    
   3.76999688     -0.587854564     -0.810623169     -0.809133053    
   3.77999687     -0.595914721     -0.804662704     -0.804662704    
   3.78999686     -0.603915274     -0.798702240     -0.800689101    
   3.79999685     -0.611855388     -0.792741776     -0.794728637    
   3.80999684     -0.619734347     -0.786781311     -0.786284626    
   3.81999683     -0.627551377     -0.777840614     -0.777840614    
   3.82999682     -0.635305583     -0.774860382     -0.775357127    
   3.83999681     -0.642996311     -0.768899918     -0.770390034    
   3.84999681     -0.650622725     -0.759959221     -0.760455966    
   3.85999680     -0.658184052     -0.753998756     -0.752508640    
   3.86999679     -0.665679574     -0.748038292     -0.748535037    
   3.87999678     -0.673108578     -0.742077827     -0.743071258    
   3.88999677     -0.680470228     -0.736117363     -0.738104224    
   3.89999676     -0.687763810     -0.727176666     -0.728170097    
   3.90999675     -0.694988608     -0.718235970     -0.719229400    
   3.91999674     -0.702143967     -0.715255737     -0.717242599    
   3.92999673     -0.709229112     -0.706315041     -0.708301902    
   3.93999672     -0.716243267     -0.697374344     -0.697871089    
   3.94999671     -0.723185837     -0.691413879     -0.692903996    
   3.95999670     -0.730056107     -0.685453415     -0.685950160    
   3.96999669     -0.736853361     -0.676512718     -0.676016033    
   3.97999668     -0.743576944     -0.670552254     -0.672042370    
   3.98999667     -0.750226140     -0.661611557     -0.663598418    
   3.99999666     -0.756800294     -0.652670860     -0.652670860    
   4.00999689     -0.763298988     -0.646710396     -0.647207141    
   4.01999712     -0.769721329     -0.640749931     -0.642240047    
   4.02999735     -0.776066661     -0.631809235     -0.630815864    
   4.03999758     -0.782334387     -0.622868538     -0.622868538    
   4.04999781     -0.788523912     -0.613927841     -0.614424586    
   4.05999804     -0.794634581     -0.607967377     -0.607967377    
   4.06999826     -0.800665736     -0.602006912     -0.604490459    
   4.07999849     -0.806616843     -0.593066216     -0.592072845    
   4.08999872     -0.812487304     -0.584125519     -0.584622264    
   4.09999895     -0.818276525     -0.575184822     -0.574688137    
   4.10999918     -0.823983848     -0.569224358     -0.571211219    
   4.11999941     -0.829608858     -0.560283661     -0.559290290    
   4.12999964     -0.835150838     -0.551342964     -0.550846279    
   4.13999987     -0.840609312     -0.542402267     -0.543395698    
   4.15000010     -0.845983744     -0.533461571     -0.532964885    
   4.16000032     -0.851273596     -0.527501106     -0.527997851    
   4.17000055     -0.856478274     -0.515580177     -0.513593376    
   4.18000078     -0.861597300     -0.506639481     -0.505149364    
   4.19000101     -0.866630197     -0.497698784     -0.496208668    
   4.20000124     -0.871576369     -0.491738319     -0.489751518    
   4.21000147     -0.876435399     -0.479817390     -0.478823990    
   4.22000170     -0.881206810     -0.473856926     -0.474850357    
   4.23000193     -0.885890126     -0.464916229     -0.465909660    
   4.24000216     -0.890484810     -0.455975533     -0.456472248    
   4.25000238     -0.894990444     -0.447034836     -0.446041435    
   4.26000261     -0.899406552     -0.435113907     -0.434617221    
   4.27000284     -0.903732717     -0.429153442     -0.429650158    
   4.28000307     -0.907968521     -0.420212746     -0.418722630    
   4.29000330     -0.912113547     -0.411272049     -0.409285247    
   4.30000353     -0.916167378     -0.402331352     -0.401337951    
   4.31000376     -0.920129538     -0.393390656     -0.393887371    
   4.32000399     -0.923999667     -0.384449959     -0.385940075    
   4.33000422     -0.927777410     -0.372529030     -0.373522460    
   4.34000444     -0.931462407     -0.363588333     -0.363588333    
   4.35000467     -0.935054243     -0.354647636     -0.354647636    
   4.36000490     -0.938552558     -0.345706940     -0.346203655    
   4.37000513     -0.941956997     -0.336766243     -0.337262958    
   4.38000536     -0.945267260     -0.327825546     -0.326335430    
   4.39000559     -0.948482990     -0.315904617     -0.316898048    
   4.40000582     -0.951603889     -0.306963921     -0.306467235    
   4.41000605     -0.954629600     -0.298023224     -0.298519939    
   4.42000628     -0.957559824     -0.289082527     -0.287592411    
   4.43000650     -0.960394323     -0.277161598     -0.276168197    
   4.44000673     -0.963132739     -0.268220901     -0.270207733    
   4.45000696     -0.965774894     -0.259280205     -0.259776920    
   4.46000719     -0.968320429     -0.250339508     -0.251829624    
   4.47000742     -0.970769107     -0.238418579     -0.236431763    
   4.48000765     -0.973120749     -0.232458115     -0.231464714    
   4.49000788     -0.975375056     -0.220537186     -0.222524017    
   4.50000811     -0.977531850     -0.211596489     -0.212093204    
   4.51000834     -0.979590833     -0.202655792     -0.205139324    
   4.52000856     -0.981551886     -0.190734863     -0.192721695    
   4.53000879     -0.983414769     -0.181794167     -0.183284283    
   4.54000902     -0.985179305     -0.169873238     -0.170866653    
   4.55000925     -0.986845374     -0.160932541     -0.160932541    
   4.56000948     -0.988412678     -0.151991844     -0.150998443    
   4.57000971     -0.989881158     -0.140070915     -0.138084099    
   4.58000994     -0.991250694     -0.131130219     -0.131626934    
   4.59001017     -0.992521048     -0.122189522     -0.120699406    
   4.60001040     -0.993692160     -0.113248825     -0.114242241    
   4.61001062     -0.994763911     -0.101327896     -0.101824604    
   4.62001085     -0.995736182      -9.23871994E-02  -9.13937911E-02
   4.63001108     -0.996608853      -8.34465027E-02  -8.44399184E-02
   4.64001131     -0.997381866      -7.15255737E-02  -6.95387572E-02
   4.65001154     -0.998055160      -6.25848770E-02  -6.35782927E-02
   4.66001177     -0.998628616      -5.36441803E-02  -5.46375923E-02
   4.67001200     -0.999102235      -4.17232513E-02  -3.97364311E-02
   4.68001223     -0.999475896      -3.27825546E-02  -3.47693786E-02
   4.69001245     -0.999749660      -2.38418579E-02  -2.43385639E-02
   4.70001268     -0.999923408      -1.19209290E-02  -1.24176349E-02
   4.71001291     -0.999997199      -2.98023224E-03  -3.47693777E-03
   4.72001314     -0.999970913       8.94069672E-03   1.09275188E-02
   4.73001337     -0.999844670       1.78813934E-02   1.78813934E-02
   4.74001360     -0.999618471       2.98023224E-02   3.07957344E-02
   4.75001383     -0.999292254       3.87430191E-02   4.07298431E-02
   4.76001406     -0.998866141       4.76837158E-02   4.81804237E-02
   4.77001429     -0.998340130       5.96046448E-02   6.20881729E-02
   4.78001451     -0.997714281       6.85453415E-02   7.00354576E-02
   4.79001474     -0.996988654       7.74860382E-02   7.74860382E-02
   4.80001497     -0.996163309       8.94069672E-02   8.79168510E-02
   4.81001520     -0.995238364       9.83476639E-02   9.93410796E-02
   4.82001543     -0.994213879      0.107288361      0.107785068    
   4.83001566     -0.993089974      0.116229057      0.113745533    
   4.84001589     -0.991866708      0.128149986      0.127156585    
   4.85001612     -0.990544319      0.137090683      0.136097282    
   4.86001635     -0.989122868      0.149011612      0.150005028    
   4.87001657     -0.987602472      0.154972076      0.154475376    
   4.88001680     -0.985983312      0.166893005      0.166396305    
   4.89001703     -0.984265566      0.178813934      0.179310650    
   4.90001726     -0.982449412      0.187754631      0.190238163    
   4.91001749     -0.980534971      0.196695328      0.197192043    
   4.92001772     -0.978522480      0.208616257      0.209609672    
   4.93001795     -0.976412117      0.217556953      0.217060253    
   4.94001818     -0.974204123      0.223517418      0.221530601    
   4.95001841     -0.971898735      0.238418579      0.240405411    
   4.96001863     -0.969496131      0.244379044      0.244379044    
   4.97001886     -0.966996551      0.253319740      0.254809856    
   4.98001909     -0.964400291      0.265240669      0.266234100    
   4.99001932     -0.961707592      0.274181366      0.276168197    
   5.00001955     -0.958918750      0.283122063      0.283618778    
   5.01001978     -0.956033945      0.292062759      0.291069359    
   5.02002001     -0.953053594      0.303983688      0.303983688    
   5.03002024     -0.949977875      0.312924385      0.313421100    
   5.04002047     -0.946807206      0.321865082      0.322361797    
   5.05002069     -0.943541825      0.330805779      0.332792610    
   5.06002092     -0.940182090      0.339746475      0.339249790    
   5.07002115     -0.936728299      0.348687172      0.349680603    
   5.08002138     -0.933180869      0.360608101      0.362098217    
   5.09002161     -0.929540157      0.369548798      0.371535629    
   5.10002184     -0.925806403      0.378489494      0.376999378    
   5.11002207     -0.921980143      0.387430191      0.386436790    
   5.12002230     -0.918061614      0.396370888      0.397861004    
   5.13002253     -0.914051354      0.408291817      0.407298416    
   5.14002275     -0.909949601      0.414252281      0.414252281    
   5.15002298     -0.905756891      0.423192978      0.421702862    
   5.16002321     -0.901473582      0.432133675      0.433127105    
   5.17002344     -0.897100151      0.441074371      0.440577686    
   5.18002367     -0.892637014      0.452995300      0.454982132    
   5.19002390     -0.888084590      0.458955765      0.456968963    
   5.20002413     -0.883443356      0.470876694      0.469883293    
   5.21002436     -0.878713787      0.479817390      0.481804222    
   5.22002459     -0.873896301      0.488758087      0.488758087    
   5.23002481     -0.868991435      0.497698784      0.498195499    
   5.24002504     -0.863999724      0.503659248      0.503162563    
   5.25002527     -0.858921528      0.512599945      0.514586806    
   5.26002550     -0.853757501      0.518560410      0.518063724    
   5.27002573     -0.848508060      0.530481339      0.528991222    
   5.28002596     -0.843173802      0.539422035      0.540415466    
   5.29002619     -0.837755203      0.545382500      0.544389129    
   5.30002642     -0.832252800      0.554323196      0.553826511    
   5.31002665     -0.826667190      0.563263893      0.564754009    
   5.32002687     -0.820998907      0.572204590      0.570217788    
   5.33002710     -0.815248489      0.581145287      0.583132148    
   5.34002733     -0.809416592      0.587105751      0.588099182    
   5.35002756     -0.803503752      0.596046448      0.598033309    
   5.36002779     -0.797510564      0.604987144      0.605980575    
   5.37002802     -0.791437566      0.613927841      0.612934470    
   5.38002825     -0.785285473      0.619888306      0.619888306    
   5.39002848     -0.779054821      0.625848770      0.623861969    
   5.40002871     -0.772746265      0.637769699      0.638763130    
   5.41002893     -0.766360462      0.643730164      0.645220280    
   5.42002916     -0.759897947      0.652670860      0.652670860    
   5.43002939     -0.753359497      0.658631325      0.658631325    
   5.44002962     -0.746745706      0.667572021      0.669062138    
   5.45002985     -0.740057230      0.673532486      0.672539115    
   5.46003008     -0.733294725      0.682473183      0.683466613    
   5.47003031     -0.726458907      0.688433647      0.687440276    
   5.48003054     -0.719550490      0.694394112      0.693400741    
   5.49003077     -0.712570071      0.700354576      0.700354576    
   5.50003099     -0.705518365      0.709295273      0.709295273    
   5.51003122     -0.698396146      0.718235970      0.718235970    
   5.52003145     -0.691204071      0.724196434      0.725686550    
   5.53003168     -0.683942854      0.730156898      0.729163527    
   5.54003191     -0.676613212      0.736117363      0.734627247    
   5.55003214     -0.669215977      0.745058060      0.744561374    
   5.56003237     -0.661751807      0.751018524      0.749528408    
   5.57003260     -0.654221416      0.756978989      0.758965850    
   5.58003283     -0.646625638      0.762939453      0.763932884    
   5.59003305     -0.638965189      0.768899918      0.769893348    
   5.60003328     -0.631240845      0.777840614      0.780324161    
   5.61003351     -0.623453319      0.783801079      0.785291195    
   5.62003374     -0.615603507      0.789761543      0.790754974    
   5.63003397     -0.607692122      0.792741776      0.792245090    
   5.64003420     -0.599719942      0.801682472      0.799695671    
   5.65003443     -0.591687799      0.807642937      0.808636367    
   5.66003466     -0.583596528      0.813603401      0.812610030    
   5.67003489     -0.575446844      0.816583633      0.815093517    
   5.68003511     -0.567239642      0.822544098      0.821053982    
   5.69003534     -0.558975697      0.828504562      0.827014446    
   5.70003557     -0.550655842      0.834465027      0.834465027    
   5.71003580     -0.542280912      0.843405724      0.843405724    
   5.72003603     -0.533851802      0.846385956      0.845889270    
   5.73003626     -0.525369287      0.852346420      0.852346420    
   5.74003649     -0.516834199      0.858306885      0.858306885    
   5.75003672     -0.508247435      0.861287117      0.860293746    
   5.76003695     -0.499609888      0.867247581      0.866254210    
   5.77003717     -0.490922332      0.871717930      0.870972872    
   5.78003740     -0.482185692      0.877678394      0.877926767    
   5.79003763     -0.473400861      0.882148743      0.882397115    
   5.80003786     -0.464568645      0.886619091      0.885625720    
   5.81003809     -0.455689996      0.891089439      0.891337812    
   5.82003832     -0.446765780      0.895559788      0.894566417    
   5.83003855     -0.437796861      0.900030136      0.899285078    
   5.84003878     -0.428784192      0.904500484      0.904748857    
   5.85003901     -0.419728607      0.908970833      0.908225775    
   5.86003923     -0.410631061      0.913441181      0.913937926    
   5.87003946     -0.401492476      0.917911530      0.918904960    
   5.88003969     -0.392313719      0.920891762      0.921388507    
   5.89003992     -0.383095711      0.925362110      0.924617052    
   5.90004015     -0.373839438      0.928342342      0.928342342    
   5.91004038     -0.364545733      0.932812691      0.932812691    
   5.92004061     -0.355215609      0.935792923      0.935296237    
   5.93004084     -0.345849931      0.938773155      0.937779784    
   5.94004107     -0.336449683      0.943243504      0.943988562    
   5.95004129     -0.327015787      0.946223736      0.946223736    
   5.96004152     -0.317549199      0.949203968      0.950197399    
   5.97004175     -0.308050841      0.953674316      0.953674316    
   5.98004198     -0.298521668      0.955164433      0.954667747    
   5.99004221     -0.288962662      0.959634781      0.959386468    
   6.00004244     -0.279374748      0.962615013      0.963608444    
   6.01004267     -0.269758910      0.964105129      0.963608444    
   6.02004290     -0.260116071      0.965595245      0.965098560    
   6.03004313     -0.250447243      0.970065594      0.970562339    
   6.04004335     -0.240753353      0.972300768      0.972921669    
   6.05004358     -0.231035382      0.974535942      0.974411786    
   6.06004381     -0.221294314      0.976771116      0.977019489    
   6.07004404     -0.211531118      0.978261232      0.978012919    
   6.08004427     -0.201746777      0.981241465      0.981489837    
   6.09004450     -0.191942245      0.982731581      0.982855797    
   6.10004473     -0.182118520      0.984221697      0.984221697    
   6.11004496     -0.172276586      0.986456871      0.986705244    
   6.12004519     -0.162417427      0.987946987      0.987822831    
   6.13004541     -0.152542025      0.989437103      0.989685476    
   6.14004564     -0.142651364      0.990927219      0.991051435    
   6.15004587     -0.132746443      0.992417336      0.992293179    
   6.16004610     -0.122828245      0.993907452      0.994155824    
   6.17004633     -0.112897761      0.994652510      0.994528353    
   6.18004656     -0.102955990      0.996142626      0.996204734    
   6.19004679      -9.30039212E-02  0.996887684      0.997011900    
   6.20004702      -8.30425471E-02  0.998005271      0.997881114    
   6.21004725      -7.30728731E-02  0.998750329      0.998998702    
   6.22004747      -6.30958900E-02  0.999495387      0.999433339    
   6.23004770      -5.31126000E-02   1.00005424       1.00014734    
   6.24004793      -4.31239977E-02   1.00042677       1.00033355    
   6.25004816      -3.31310816E-02   1.00079930       1.00086141    
   6.26004839      -2.31348537E-02   1.00107861       1.00112522    
   6.27004862      -1.31363114E-02   1.00131154       1.00129592    
   6.28004885      -3.13645485E-03   1.00135803       1.00136387    
   6.29004908       6.86371513E-03   1.00133479       1.00134647    
   6.30004930       1.68631990E-02   1.00126493       1.00124943    
   6.31004953       2.68609952E-02   1.00098550       1.00093901    
   6.32004976       3.68561074E-02   1.00061297       1.00055087    
   6.33004999       4.68475297E-02   1.00042677       1.00045776    
   6.34005022       5.68342730E-02  0.999681652      0.999712706    
   6.35005045       6.68153316E-02  0.999122858      0.999122858    
   6.36005068       7.67896995E-02  0.998750329      0.998626173    
   6.37005091       8.67564008E-02  0.997632742      0.997570693    
   6.38005114       9.67144147E-02  0.996515155      0.996328890    
   6.39005136      0.106662765      0.995397568      0.995211303    
   6.40005159      0.116600446      0.994652510      0.994590461    
   6.41005182      0.126526460      0.993162394      0.992789865    
   6.42005205      0.136439830      0.991672277      0.991672277    
   6.43005228      0.146339551      0.990182161      0.990058005    
   6.44005251      0.156224653      0.988692045      0.988195360    
   6.45005274      0.166094109      0.987946987      0.988443732    
   6.46005297      0.175946966      0.985711813      0.985960186    
   6.47005320      0.185782224      0.984221697      0.984097540    
   6.48005342      0.195598915      0.981986523      0.982110739    
   6.49005365      0.205396026      0.980496407      0.980248094    
   6.50005388      0.215172604      0.978261232      0.978757977    
   6.51005411      0.224927664      0.975281000      0.974784315    
   6.52005434      0.234660238      0.973045826      0.972424984    
   6.53005457      0.244369343      0.970810652      0.971059024    
   6.54005480      0.254054010      0.968575478      0.968575478    
   6.55005503      0.263713270      0.965595245      0.965346932    
   6.56005526      0.273346156      0.964105129      0.964353502    
   6.57005548      0.282951683      0.961124897      0.961621642    
   6.58005571      0.292528957      0.958144665      0.958393037    
   6.59005594      0.302076936      0.955164433      0.954419374    
   6.60005617      0.311594725      0.952184200      0.951935887    
   6.61005640      0.321081370      0.947713852      0.946968794    
   6.62005663      0.330535889      0.944733620      0.945230365    
   6.63005686      0.339957356      0.941753387      0.942746818    
   6.64005709      0.349344820      0.938773155      0.939518213    
   6.65005732      0.358697355      0.935792923      0.935544610    
   6.66005754      0.368014008      0.931322575      0.932316005    
   6.67005777      0.377293885      0.926852226      0.925858855    
   6.68005800      0.386536002      0.923871994      0.923871994    
   6.69005823      0.395739466      0.919401646      0.920146704    
   6.70005846      0.404903382      0.914931297      0.914682984    
   6.71005869      0.414026767      0.910460949      0.910709321    
   6.72005892      0.423108786      0.907480717      0.907977462    
   6.73005915      0.432148457      0.903010368      0.902265310    
   6.74005938      0.441144943      0.900030136      0.901271939    
   6.75005960      0.450097293      0.894069672      0.894318044    
   6.76005983      0.459004641      0.889599323      0.888854265    
   6.77006006      0.467866093      0.885128975      0.884383917    
   6.78006029      0.476680756      0.880658627      0.880658627    
   6.79006052      0.485447735      0.876188278      0.876685023    
   6.80006075      0.494166166      0.870227814      0.869979501    
   6.81006098      0.502835214      0.867247581      0.867744327    
   6.82006121      0.511453927      0.858306885      0.857313514    
   6.83006144      0.520021498      0.855326653      0.854333282    
   6.84006166      0.528537095      0.852346420      0.853339851    
   6.85006189      0.536999822      0.846385956      0.847876072    
   6.86006212      0.545408845      0.840425491      0.840425491    
   6.87006235      0.553763330      0.834465027      0.834961772    
   6.88006258      0.562062442      0.828504562      0.828007877    
   6.89006281      0.570305347      0.822544098      0.822544098    
   6.90006304      0.578491211      0.816583633      0.817577064    
   6.91006327      0.586619198      0.810623169      0.812113285    
   6.92006350      0.594688535      0.804662704      0.806649566    
   6.93006372      0.602698445      0.798702240      0.799695671    
   6.94006395      0.610648036      0.792741776      0.794728637    
   6.95006418      0.618536532      0.786781311      0.785787940    
   6.96006441      0.626363218      0.780820847      0.780324161    
   6.97006464      0.634127259      0.771880150      0.771880150    
   6.98006487      0.641827941      0.765919685      0.767409801    
   6.99006510      0.649464369      0.759959221      0.761449337    
   7.00006533      0.657035828      0.753998756      0.752011955    
   7.01006556      0.664541662      0.748038292      0.746051490    
   7.02006578      0.671980977      0.742077827      0.741581142    
   7.03006601      0.679353118      0.736117363      0.737110794    
   7.04006624      0.686657310      0.730156898      0.730156898    
   7.05006647      0.693892837      0.721216202      0.723203063    
   7.06006670      0.701058924      0.712275505      0.710785389    
   7.07006693      0.708154976      0.706315041      0.706315041    
   7.08006716      0.715180159      0.700354576      0.699857891    
   7.09006739      0.722133875      0.694394112      0.693400741    
   7.10006762      0.729015350      0.685453415      0.684460044    
   7.11006784      0.735823870      0.676512718      0.675519347    
   7.12006807      0.742558897      0.670552254      0.671545684    
   7.13006830      0.749219596      0.661611557      0.663101673    
   7.14006853      0.755805373      0.655651093      0.654657722    
   7.15006876      0.762315571      0.646710396      0.648200512    
   7.16006899      0.768749595      0.640749931      0.641246676    
   7.17006922      0.775106668      0.631809235      0.631809235    
   7.18006945      0.781386256      0.625848770      0.623861969    
   7.19006968      0.787587702      0.616908073      0.615914702    
   7.20006990      0.793710411      0.610947609      0.612437725    
   7.21007013      0.799753726      0.599026680      0.599026680    
   7.22007036      0.805717051      0.593066216      0.592072845    
   7.23007059      0.811599791      0.584125519      0.585615635    
   7.24007082      0.817401350      0.575184822      0.575681567    
   7.25007105      0.823121250      0.569224358      0.571707904    
   7.26007128      0.828758776      0.560283661      0.561773777    
   7.27007151      0.834313393      0.551342964      0.551342964    
   7.28007174      0.839784622      0.542402267      0.540912151    
   7.29007196      0.845171869      0.536441803      0.534951687    
   7.30007219      0.850474596      0.524520874      0.522037387    
   7.31007242      0.855692267      0.518560410      0.518560410    
   7.32007265      0.860824347      0.509619713      0.509123027    
   7.33007288      0.865870357      0.500679016      0.501672447    
   7.34007311      0.870829821      0.491738319      0.492235035    
   7.35007334      0.875702143      0.482797623      0.481804222    
   7.36007357      0.880486906      0.473856926      0.473856926    
   7.37007380      0.885183573      0.467896461      0.468393177    
   7.38007402      0.889791787      0.458955765      0.461935997    
   7.39007425      0.894311011      0.450015068      0.449518383    
   7.40007448      0.898740768      0.438094139      0.439584255    
   7.41007471      0.903080642      0.429153442      0.427663326    
   7.42007494      0.907330215      0.420212746      0.420709461    
   7.43007517      0.911489069      0.411272049      0.411768764    
   7.44007540      0.915556788      0.402331352      0.402828068    
   7.45007563      0.919532895      0.393390656      0.394384086    
   7.46007586      0.923417091      0.384449959      0.384946674    
   7.47007608      0.927208900      0.375509262      0.374515861    
   7.48007631      0.930908024      0.366568565      0.365575165    
   7.49007654      0.934514046      0.354647636      0.354150951    
   7.50007677      0.938026607      0.348687172      0.350177288    
   7.51007700      0.941445351      0.336766243      0.337262958    
   7.52007723      0.944769919      0.327825546      0.326335430    
   7.53007746      0.948000073      0.318884850      0.319381565    
   7.54007769      0.951135397      0.309944153      0.307957351    
   7.55007792      0.954175591      0.298023224      0.299016654    
   7.56007814      0.957120359      0.292062759      0.294049591    
   7.57007837      0.959969461      0.283122063      0.283618778    
   7.58007860      0.962722480      0.271201134      0.271201134    
   7.59007883      0.965379298      0.262260437      0.262260437    
   7.60007906      0.967939556      0.253319740      0.254809856    
   7.61007929      0.970402956      0.241398811      0.239411995    
   7.62007952      0.972769380      0.232458115      0.230471298    
   7.63007975      0.975038528      0.223517418      0.225504249    
   7.64007998      0.977210104      0.211596489      0.210106373    
   7.65008020      0.979284048      0.202655792      0.202655792    
   7.66008043      0.981260002      0.193715096      0.192721695    
   7.67008066      0.983137846      0.181794167      0.182290882    
   7.68008089      0.984917343      0.172853470      0.172356769    
   7.69008112      0.986598372      0.163912773      0.164906189    
   7.70008135      0.988180697      0.154972076      0.156462193    
   7.71008158      0.989664257      0.143051147      0.141561031    
   7.72008181      0.991048813      0.134110451      0.132620335    
   7.73008204      0.992334247      0.125169754      0.127156585    
   7.74008226      0.993520498      0.113248825      0.114242241    
   7.75008249      0.994607329      0.104308128      0.102818012    
   7.76008272      0.995594740       9.53674316E-02   9.78509635E-02
   7.77008295      0.996482551       8.34465027E-02   8.39432105E-02
   7.78008318      0.997270763       7.45058060E-02   7.35123977E-02
   7.79008341      0.997959197       6.55651093E-02   6.80486411E-02
   7.80008364      0.998547852       5.36441803E-02   5.21540642E-02
   7.81008387      0.999036670       4.47034836E-02   4.56968956E-02
   7.82008410      0.999425530       3.57627869E-02   3.72529030E-02
   7.83008432      0.999714494       2.38418579E-02   2.28484478E-02
   7.84008455      0.999903440       1.19209290E-02   1.14242239E-02
   7.85008478      0.999992430       2.98023224E-03   2.98023224E-03
   7.86008501      0.999981403      -8.94069672E-03  -1.04308128E-02
   7.87008524      0.999870360      -1.49011612E-02  -1.34110451E-02
   7.88008547      0.999659300      -2.68220901E-02  -2.53319740E-02
   7.89008570      0.999348342      -3.57627869E-02  -3.47693786E-02
   7.90008593      0.998937368      -4.47034836E-02  -4.22199592E-02
   7.91008615      0.998426557      -5.36441803E-02  -5.11606559E-02
   7.92008638      0.997815847      -6.85453415E-02  -7.05321655E-02
   7.93008661      0.997105420      -7.74860382E-02  -7.69893378E-02
   7.94008684      0.996295214      -8.64267349E-02  -8.69234428E-02
   7.95008707      0.995385408      -9.53674316E-02  -9.33806151E-02
   7.96008730      0.994376063     -0.107288361     -0.108778477    
   7.97008753      0.993267298     -0.116229057     -0.117719173    
   7.98008776      0.992059171     -0.125169754     -0.125169754    
   7.99008799      0.990751803     -0.137090683     -0.137090683    
   8.00008774      0.989345491     -0.140070915     -0.138084099    
   8.01008797      0.987840116     -0.149011612     -0.148514912    
   8.02008820      0.986235976     -0.157952309     -0.154475376    
   8.03008842      0.984533250     -0.166893005     -0.164906189    
   8.04008865      0.982731998     -0.175833702     -0.173350185    
   8.05008888      0.980832517     -0.184774399     -0.181794167    
   8.06008911      0.978834927     -0.196695328     -0.194708511    
   8.07008934      0.976739466     -0.202655792     -0.199178860    
   8.08008957      0.974546313     -0.214576721     -0.212093204    
   8.09008980      0.972255707     -0.223517418     -0.219543785    
   8.10009003      0.969867885     -0.232458115     -0.226994365    
   8.11009026      0.967383027     -0.241398811     -0.236928463    
   8.12009048      0.964801490     -0.250339508     -0.247855991    
   8.13009071      0.962123454     -0.259280205     -0.256796688    
   8.14009094      0.959349155     -0.268220901     -0.262757152    
   8.15009117      0.956478953     -0.277161598     -0.272194564    
   8.16009140      0.953513086     -0.289082527     -0.283122063    
   8.17009163      0.950451910     -0.298023224     -0.294049591    
   8.18009186      0.947295666     -0.306963921     -0.303983688    
   8.19009209      0.944044650     -0.315904617     -0.310937583    
   8.20009232      0.940699220     -0.324845314     -0.321865082    
   8.21009254      0.937259793     -0.330805779     -0.323851913    
   8.22009277      0.933726549     -0.342726707     -0.335772842    
   8.23009300      0.930099964     -0.348687172     -0.340243191    
   8.24009323      0.926380396     -0.357627869     -0.352164119    
   8.25009346      0.922568142     -0.369548798     -0.363588333    
   8.26009369      0.918663681     -0.378489494     -0.372529030    
   8.27009392      0.914667308     -0.384449959     -0.378986210    
   8.28009415      0.910579443     -0.393390656     -0.385940075    
   8.29009438      0.906400561     -0.405311584     -0.397364318    
   8.30009460      0.902131021     -0.411272049     -0.404318184    
   8.31009483      0.897771239     -0.420212746     -0.414252281    
   8.32009506      0.893321753     -0.426173210     -0.419716060    
   8.33009529      0.888782859     -0.435113907     -0.427166641    
   8.34009552      0.884155095     -0.447034836     -0.441074371    
   8.35009575      0.879438937     -0.452995300     -0.445544720    
   8.36009598      0.874634802     -0.464916229     -0.455975533    
   8.37009621      0.869743228     -0.470876694     -0.460942596    
   8.38009644      0.864764631     -0.479817390     -0.472366810    
   8.39009666      0.859699607     -0.488758087     -0.481804222    
   8.40009689      0.854548573     -0.494718552     -0.486771286    
   8.41009712      0.849312127     -0.503659248     -0.494221866    
   8.42009735      0.843990684     -0.512599945     -0.505646110    
   8.43009758      0.838584900     -0.518560410     -0.509123027    
   8.44009781      0.833095193     -0.527501106     -0.517070293    
   8.45009804      0.827522218     -0.536441803     -0.529984653    
   8.46009827      0.821866512     -0.545382500     -0.536441803    
   8.47009850      0.816128552     -0.551342964     -0.541905582    
   8.48009872      0.810308993     -0.560283661     -0.550349593    
   8.49009895      0.804408431     -0.566244125     -0.555316627    
   8.50009918      0.798427403     -0.572204590     -0.561773777    
   8.51009941      0.792366505     -0.581145287     -0.569721103    
   8.52009964      0.786226392     -0.587105751     -0.577668369    
   8.53009987      0.780007660     -0.596046448     -0.585615635    
   8.54010010      0.773710966     -0.604987144     -0.595549762    
   8.55010033      0.767336845     -0.610947609     -0.600020111    
   8.56010056      0.760885954     -0.616908073     -0.604987144    
   8.57010078      0.754359007     -0.625848770     -0.615914702    
   8.58010101      0.747756660     -0.631809235     -0.621875167    
   8.59010124      0.741079509     -0.640749931     -0.632305980    
   8.60010147      0.734328210     -0.646710396     -0.637273014    
   8.61010170      0.727503538     -0.652670860     -0.642240047    
   8.62010193      0.720606089     -0.658631325     -0.645220280    
   8.63010216      0.713636518     -0.667572021     -0.655154407    
   8.64010239      0.706595659     -0.673532486     -0.662604988    
   8.65010262      0.699484110     -0.682473183     -0.673532486    
   8.66010284      0.692302585     -0.688433647     -0.677506149    
   8.67010307      0.685051858     -0.694394112     -0.684460044    
   8.68010330      0.677732646     -0.700354576     -0.688930392    
   8.69010353      0.670345604     -0.709295273     -0.697374344    
   8.70010376      0.662891567     -0.712275505     -0.698864460    
   8.71010399      0.655371189     -0.721216202     -0.708301902    
   8.72010422      0.647785306     -0.727176666     -0.716249168    
   8.73010445      0.640134633     -0.733137131     -0.720719516    
   8.74010468      0.632419944     -0.739097595     -0.728170097    
   8.75010490      0.624642015     -0.745058060     -0.733137131    
   8.76010513      0.616801620     -0.751018524     -0.738104224    
   8.77010536      0.608899593     -0.753998756     -0.741581142    
   8.78010559      0.600936592     -0.762939453     -0.750521839    
   8.79010582      0.592913508     -0.765919685     -0.751018524    
   8.80010605      0.584831178     -0.774860382     -0.761946082    
   8.81010628      0.576690316     -0.777840614     -0.762939453    
   8.82010651      0.568491817     -0.786781311     -0.775853813    
   8.83010674      0.560236454     -0.789761543     -0.775853813    
   8.84010696      0.551925063     -0.795722008     -0.781814277    
   8.85010719      0.543558478     -0.798702240     -0.784794509    
   8.86010742      0.535137534     -0.804662704     -0.791748405    
   8.87010765      0.526663065     -0.810623169     -0.797708869    
   8.88010788      0.518135965     -0.813603401     -0.798205554    
   8.89010811      0.509557009     -0.819563866     -0.806152821    
   8.90010834      0.500927091     -0.825524330     -0.812113285    
   8.91010857      0.492247105     -0.829994678     -0.816335320    
   8.92010880      0.483517885     -0.834465027     -0.821302354    
   8.93010902      0.474740297     -0.840425491     -0.827014446    
   8.94010925      0.465915263     -0.844895840     -0.830243051    
   8.95010948      0.457043588     -0.847876072     -0.832726598    
   8.96010971      0.448126256     -0.852346420     -0.837693632    
   8.97010994      0.439164072     -0.856816769     -0.842909038    
   8.98011017      0.430157989     -0.859797001     -0.845640898    
   8.99011040      0.421108902     -0.864267349     -0.849366188    
   9.00011063      0.412017673     -0.868737698     -0.854084909    
   9.01011086      0.402885258     -0.871717930     -0.857065141    
   9.02011108      0.393712550     -0.877678394     -0.864267349    
   9.03011131      0.384500474     -0.880658627     -0.866999269    
   9.04011154      0.375249952     -0.885128975     -0.871221244    
   9.05011177      0.365961909     -0.886619091     -0.870724559    
   9.06011200      0.356637239     -0.891089439     -0.877181709    
   9.07011223      0.347276926     -0.894069672     -0.878671825    
   9.08011246      0.337881863     -0.897049904     -0.882645488    
   9.09011269      0.328453034     -0.900030136     -0.885128975    
   9.10011292      0.318991363     -0.904500484     -0.890344381    
   9.11011314      0.309497774     -0.907480717     -0.891834497    
   9.12011337      0.299973220     -0.908970833     -0.893572986    
   9.13011360      0.290418684     -0.911951065     -0.895808160    
   9.14011383      0.280835122     -0.914931297     -0.899533451    
   9.15011406      0.271223456     -0.917911530     -0.902513683    
   9.16011429      0.261584669     -0.920891762     -0.905990601    
   9.17011452      0.251919717     -0.923871994     -0.909219205    
   9.18011475      0.242229581     -0.925362110     -0.909964263    
   9.19011497      0.232515216     -0.927597284     -0.911578536    
   9.20011520      0.222777605     -0.929832458     -0.914186239    
   9.21011543      0.213017717     -0.932067633     -0.916918159    
   9.22011566      0.203236520     -0.934302807     -0.918904960    
   9.23011589      0.193434998     -0.935792923     -0.920395076    
   9.24011612      0.183614135     -0.937283039     -0.921761036    
   9.25011635      0.173774913     -0.939518213     -0.923996210    
   9.26011658      0.163918301     -0.941008329     -0.925486326    
   9.27011681      0.154045314     -0.942498446     -0.926603913    
   9.28011703      0.144156903     -0.943243504     -0.927348971    
   9.29011726      0.134254083     -0.945478678     -0.929708302    
   9.30011749      0.124337845     -0.946223736     -0.930577517    
   9.31011772      0.114409164     -0.947341323     -0.931570947    
   9.32011795      0.104469046     -0.948458910     -0.932626426    
   9.33011818       9.45184752E-02 -0.949576497     -0.933992386    
   9.34011841       8.45584571E-02 -0.950321555     -0.934675336    
   9.35011864       7.45899826E-02 -0.951066613     -0.935420394    
   9.36011887       6.46140501E-02 -0.951439142     -0.935606658    
   9.37011909       5.46316542E-02 -0.952184200     -0.936320722    
   9.38011932       4.46437933E-02 -0.952742994     -0.936755300    
   9.39011955       3.46514694E-02 -0.953115523     -0.937220991    
   9.40011978       2.46556811E-02 -0.953394949     -0.937546909    
   9.41012001       1.46574257E-02 -0.953581214     -0.937694371    
   9.42012024       4.65770485E-03 -0.953651071     -0.937752604    
   9.43012047      -5.34248212E-03 -0.953651071     -0.937764227    
   9.44012070      -1.53421341E-02 -0.953581214     -0.937709928    
   9.45012093      -2.53402516E-02 -0.953394949     -0.937515914    
   9.46012115      -3.53358351E-02 -0.953115523     -0.937283039    
   9.47012138      -4.53278869E-02 -0.952556729     -0.936600089    
   9.48012161      -5.53154051E-02 -0.952184200     -0.936320722    
   9.49012184      -6.52973875E-02 -0.951811671     -0.935917139    
   9.50012207      -7.52728432E-02 -0.951066613     -0.935358346    
   9.51012230      -8.52407739E-02 -0.949949026     -0.933992386    
   9.52012253      -9.52001736E-02 -0.949576497     -0.933619857    
   9.53012276     -0.105150059     -0.948458910     -0.932626426    
   9.54012299     -0.115089424     -0.947341323     -0.931322575    
   9.55012321     -0.125017285     -0.946223736     -0.930577517    
   9.56012344     -0.134932637     -0.944733620     -0.928839087    
   9.57012367     -0.144834504     -0.943243504     -0.927721500    
   9.58012390     -0.154721886     -0.941753387     -0.925610483    
   9.59012413     -0.164593786     -0.940263271     -0.924368739    
   9.60012436     -0.174449235     -0.938773155     -0.923251152    
   9.61012459     -0.184287235     -0.937283039     -0.921388507    
   9.62012482     -0.194106802     -0.935792923     -0.920146704    
   9.63012505     -0.203906968     -0.933557749     -0.917787373    
   9.64012527     -0.213686734     -0.931322575     -0.915552199    
   9.65012550     -0.223445132     -0.929832458     -0.914558768    
   9.66012573     -0.233181179     -0.927597284     -0.912075281    
   9.67012596     -0.242893919     -0.925362110     -0.910088420    
   9.68012619     -0.252582371     -0.922381878     -0.906984031    
   9.69012642     -0.262245536     -0.919401646     -0.903755426    
   9.70012665     -0.271882504     -0.917911530     -0.902513683    
   9.71012688     -0.281492263     -0.914931297     -0.899533451    
   9.72012711     -0.291073889     -0.911951065     -0.896553218    
   9.73012733     -0.300626397     -0.908970833     -0.892827928    
   9.74012756     -0.310148865     -0.907480717     -0.893324614    
   9.75012779     -0.319640279     -0.903010368     -0.887860894    
   9.76012802     -0.329099745     -0.900030136     -0.884632289    
   9.77012825     -0.338526309     -0.897049904     -0.881652057    
   9.78012848     -0.347919017     -0.894069672     -0.878423452    
   9.79012871     -0.357276917     -0.891089439     -0.875194907    
   9.80012894     -0.366599083     -0.886619091     -0.871717930    
   9.81012917     -0.375884622     -0.883638859     -0.867992640    
   9.82012939     -0.385132551     -0.880658627     -0.865260780    
   9.83012962     -0.394341946     -0.876188278     -0.861783862    
   9.84012985     -0.403511941     -0.871717930     -0.857313514    
   9.85013008     -0.412641555     -0.868737698     -0.855078340    
   9.86013031     -0.421729922     -0.865757465     -0.851104677    
   9.87013054     -0.430776089     -0.861287117     -0.846882701    
   9.88013077     -0.439779192     -0.856816769     -0.842163980    
   9.89013100     -0.448738337     -0.852346420     -0.838438690    
   9.90013123     -0.457652569     -0.847876072     -0.832974911    
   9.91013145     -0.466521055     -0.843405724     -0.829746366    
   9.92013168     -0.475342900     -0.838935375     -0.825524330    
   9.93013191     -0.484117180     -0.834465027     -0.820308924    
   9.94013214     -0.492843062     -0.829994678     -0.815093517    
   9.95013237     -0.501519680     -0.825524330     -0.811616600    
   9.96013260     -0.510146081     -0.819563866     -0.806649566    
   9.97013283     -0.518721521     -0.816583633     -0.803669333    
   9.98013306     -0.527245045     -0.810623169     -0.797708869    
   9.99013329     -0.535715878     -0.804662704     -0.790258288    
