   0.0000000000000000        10.000000000000000     
  5.00000000000000028E-002   15.616587450763657     
  0.10000000000000001        20.564020733840106     
  0.15000000000000002        24.652707798143368     
  0.20000000000000001        27.729007089964028     
  0.25000000000000000        29.680964348447084     
  0.29999999999999999        30.442338703187957     
  0.34999999999999998        29.994775392385232     
  0.39999999999999997        28.368057357936703     
  0.44999999999999996        25.638444853345504     
  0.49999999999999994        21.925187952409157     
  0.54999999999999993        17.385368477746869     
  0.59999999999999998        12.207292577886925     
  0.65000000000000002        6.6027104719116885     
  0.70000000000000007       0.79818365206339603     
  0.75000000000000011       -4.9740495344182616     
  0.80000000000000016       -10.485342596910634     
  0.85000000000000020       -15.519674907173989     
  0.90000000000000024       -19.882094981757263     
  0.95000000000000029       -23.406243998334311     
   1.0000000000000002       -25.960670261827996     
   1.0500000000000003       -27.453696174199724     
   1.1000000000000003       -27.836659052413491     
   1.1500000000000004       -27.105413421522798     
   1.2000000000000004       -25.300052490246280     
   1.2500000000000004       -22.502877577115207     
   1.3000000000000005       -18.834713467764590     
   1.3500000000000005       -14.449732321130949     
   1.4000000000000006       -9.5290062857688120     
   1.4500000000000006       -4.2730572252079000     
   1.5000000000000007        1.1062909376114609     
   1.5500000000000007        6.3944271236425223     
   1.6000000000000008        11.382493832889143     
   1.6500000000000008        15.875614668074086     
   1.7000000000000008        19.700485401284887     
   1.7500000000000009        22.712033800894208     
   1.8000000000000009        24.798893308844807     
   1.8500000000000010        25.887485245972805     
   1.9000000000000010        25.944561461754763     
   1.9500000000000011        24.978121888078075     
   2.0000000000000009        23.036686770659536     
   2.0500000000000007        20.206968818184549     
   2.1000000000000005        16.610053529727473     
   2.1500000000000004        12.396254060039432     
   2.2000000000000002        7.7388579042035213     
   2.2500000000000000        2.8270244794486032     
   2.2999999999999998       -2.1418762145533767     
   2.3499999999999996       -6.9701743921951600     
   2.3999999999999995       -11.467744454598099     
   2.4499999999999993       -15.459471655607061     
   2.4999999999999991       -18.792049034381595     
   2.5499999999999989       -21.339841663998300     
   2.5999999999999988       -23.009594878820288     
   2.6499999999999986       -23.743811221706341     
   2.6999999999999984       -23.522675404066714     
   2.7499999999999982       -22.364465368991954     
   2.7999999999999980       -20.324448215627537     
   2.8499999999999979       -17.492319856503510     
   2.8999999999999977       -13.988304459641206     
   2.9499999999999975       -9.9580817349669424     
   2.9999999999999973       -5.5667549483373167     
   3.0499999999999972      -0.99210847977546734     
   3.0999999999999970        3.5825705515738582     
   3.1499999999999968        7.9758175126531548     
   3.1999999999999966        12.015170300114507     
   3.2499999999999964        15.543920835368311     
   3.2999999999999963        18.427174462966999     
   3.3499999999999961        20.556983780114365     
   3.3999999999999959        21.856362462874834     
   3.4499999999999957        22.282031016651974     
   3.4999999999999956        21.825798152786614     
   3.5499999999999954        20.514536572101292     
   3.5999999999999952        18.408768102182702     
   3.6499999999999950        15.599928149389532     
   3.6999999999999948        12.206431118205943     
   3.7499999999999947        8.3687048022337738     
   3.7999999999999945        4.2434009773271475     
   3.8499999999999943      -2.97995696803887711E-003
   3.8999999999999941       -4.2007915651566483     
   3.9499999999999940       -8.1840020643579958     
   3.9999999999999938       -11.796744358569368     
   4.0499999999999936       -14.899397693773357     
   4.0999999999999934       -17.373964352743847     
   4.1499999999999932       -19.128535126219223     
   4.1999999999999931       -20.100675495121919     
   4.2499999999999929       -20.259608943095056     
   4.2999999999999927       -19.607122762670365     
   4.3499999999999925       -18.177173136034639     
   4.3999999999999924       -16.034218098421636     
   4.4499999999999922       -13.270357168718592     
   4.4999999999999920       -10.001402984005717     
   4.5499999999999918       -6.3620513919184933     
   4.5999999999999917       -2.5003505600172833     
   4.6499999999999915        1.4283045283213749     
   4.6999999999999913        5.2674092478952446     
   4.7499999999999911        8.8655684596596185     
   4.7999999999999909        12.082451077416966     
   4.8499999999999908        14.794246505231847     
   4.8999999999999906        16.898411461031834     
   4.9499999999999904        18.317525954539402     
   4.9999999999999902        19.002114328282381     
   5.0499999999999901        18.932329757153976     
   5.0999999999999899        18.118446696315480     
   5.1499999999999897        16.600153604830510     
   5.1999999999999895        14.444685938362797     
   5.2499999999999893        11.743885009498349     
   5.2999999999999892        8.6103100702440205     
   5.3499999999999890        5.1725672599701991     
   5.3999999999999888        1.5700484984382026     
   5.4499999999999886       -2.0527051118892690     
   5.4999999999999885       -5.5517880504204911     
   5.5499999999999883       -8.7896323706633943     
   5.5999999999999881       -11.640401562158624     
   5.6499999999999879       -13.994865389203087     
   5.6999999999999877       -15.764567500068331     
   5.7499999999999876       -16.885127526896145     
   5.7999999999999874       -17.318555303655081     
   5.8499999999999872       -17.054495233620823     
   5.8999999999999870       -16.110362091341408     
   5.9499999999999869       -14.530373902871290     
   5.9999999999999867       -12.383531241621071     
   6.0499999999999865       -9.7606335788946179     
   6.0999999999999863       -6.7704606235517648     
   6.1499999999999861       -3.5352784347081720     
   6.1999999999999860      -0.18585528577621746     
   6.2499999999999858        3.1438101357060280     
   6.2999999999999856        6.3218362129956258     
   6.3499999999999854        9.2236686974354125     
   6.3999999999999853        11.736948505734276     
   6.4499999999999851        13.765847333780986     
   6.4999999999999849        15.234704401140915     
   6.5499999999999847        16.090827021101710     
   6.5999999999999845        16.306352225999408     
   6.6499999999999844        15.879104945386530     
   6.6999999999999842        14.832428680279504     
   6.7499999999999840        13.214005614210732     
   6.7999999999999838        11.093723019368099     
   6.8499999999999837        8.5606800810631167     
   6.8999999999999835        5.7194624243293433     
   6.9499999999999833        2.6858394080717871     
   6.9999999999999831      -0.41793939362824517     
   7.0499999999999829       -3.4680579598034504     
   7.0999999999999828       -6.3440608334202295     
   7.1499999999999826       -8.9335978026656555     
   7.1999999999999824       -11.136799859143446     
   7.2499999999999822       -12.870116520289086     
   7.2999999999999821       -14.069467660137576     
   7.3499999999999819       -14.692591645324438     
   7.3999999999999817       -14.720504629618317     
   7.4499999999999815       -14.158021965300955     
   7.4999999999999813       -13.033330380810812     
   7.5499999999999812       -11.396637340370942     
   7.5999999999999810       -9.3179603440014880     
   7.6499999999999808       -6.8841524179284246     
   7.6999999999999806       -4.1952893857971159     
   7.7499999999999805       -1.3605685777388161     
   7.7999999999999803        1.5061134749574903     
   7.8499999999999801        4.2907257452662755     
   7.8999999999999799        6.8836273303189444     
   7.9499999999999797        9.1838729060285225     
   7.9999999999999796        11.103130412270648     
   8.0499999999999794        12.569059423816986     
   8.0999999999999801        13.528021563185728     
   8.1499999999999808        13.947022087598270     
   8.1999999999999815        13.814813283008650     
   8.2499999999999822        13.142124237094066     
   8.2999999999999829        11.961016569642876     
   8.3499999999999837        10.323400373717520     
   8.3999999999999844        8.2987775921493530     
   8.4499999999999851        5.9713100304218587     
   8.4999999999999858        3.4363350295351407     
   8.5499999999999865       0.79647250804601999     
   8.5999999999999872       -1.8425181382790092     
   8.6499999999999879       -4.3759644453557129     
   8.6999999999999886       -6.7044221198285339     
   8.7499999999999893       -8.7375676847481341     
   8.7999999999999901       -10.397690595465189     
   8.8499999999999908       -11.622650289011787     
   8.8999999999999915       -12.368186193477985     
   8.9499999999999922       -12.609495504279501     
   8.9999999999999929       -12.342023427490147     
   9.0499999999999936       -11.581442379825098     
   9.0999999999999943       -10.362829040546725     
   9.1499999999999950       -8.7390798809516479     
   9.1999999999999957       -6.7786356002522625     
   9.2499999999999964       -4.5626116095600375     
   9.2999999999999972       -2.1814542994372705     
   9.3499999999999979       0.26873955413361150     
   9.3999999999999986        2.6900908949216098     
   9.4499999999999993        4.9868387003870938     
   9.5000000000000000        7.0691174697075034     
   9.5500000000000007        8.8564632660106728     
   9.6000000000000014        10.280911939233771     
   9.6500000000000021        11.289570690012907     
   9.7000000000000028        11.846566208549111     
   9.7500000000000036        11.934298314726831     
   9.8000000000000043        11.553956281732226     
   9.8500000000000050        10.725284698688593     
   9.9000000000000057        9.4856156272393068     
   9.9500000000000064        7.8882127442913905     
   10.000000000000007        6.0000000000001847     
