 -0.253822297     -0.496239126    
 -0.340685368       6.24457337E-02
 -0.206323326      0.552582860    
 -0.264336288     -0.698771000    
  0.580228090     -0.152405500    
 -0.287410438     -0.524889529    
 -0.305654466       2.30667070E-02
 -0.234980643      0.601110339    
 -0.304679841     -0.676755786    
  0.610379457     -0.155632570    
 -0.320998579     -0.553539932    
 -0.270623565      -1.63123198E-02
 -0.263637960      0.649637818    
 -0.259723455     -0.707177341    
  0.576090395     -0.195976138    
 -0.309172809     -0.538336396    
 -0.273192734      -4.01517637E-02
 -0.251513213      0.636721969    
 -0.270634204     -0.724156260    
  0.619261146     -0.164773107    
 -0.297347039     -0.523132920    
 -0.275761902      -6.39912039E-02
 -0.239388466      0.623806119    
 -0.234845817     -0.680985510    
  0.631186783     -0.160045773    
 -0.285521269     -0.507929444    
 -0.278331071      -8.78306478E-02
 -0.227263719      0.610890269    
 -0.245756567     -0.697964430    
  0.674357533     -0.128842741    
 -0.273695499     -0.492725939    
 -0.280900240     -0.111670092    
 -0.215138972      0.597974420    
 -0.256667316     -0.714943349    
  0.717528284      -9.76397023E-02
 -0.261869729     -0.477522433    
 -0.283469409     -0.135509536    
 -0.203014225      0.585058570    
 -0.220878929     -0.671772599    
  0.729453921      -9.29123685E-02
 -0.304819643     -0.468380511    
 -0.244612485      -9.76515561E-02
 -0.235168234      0.551224589    
 -0.268883377     -0.668225050    
  0.774945021      -9.60202292E-02
 -0.347769558     -0.459238589    
 -0.205755562      -5.97935803E-02
 -0.267322242      0.517390609    
 -0.316887826     -0.664677501    
  0.820436120      -9.91280898E-02
 -0.390719473     -0.450096667    
 -0.166898638      -2.19356045E-02
 -0.299476236      0.483556628    
 -0.364892274     -0.661129951    
  0.832391262      -6.88672885E-02
 -0.433669388     -0.440954745    
 -0.128041714       1.59223713E-02
 -0.331630230      0.449722648    
 -0.412896723     -0.657582402    
  0.844346404      -3.86064872E-02
 -0.476619303     -0.431812823    
  -8.91847908E-02   5.37803471E-02
 -0.363784224      0.415888667    
 -0.460901171     -0.654034853    
  0.889837503      -4.17143442E-02
 -0.474161029     -0.478792638    
 -0.138504893       4.06064838E-03
 -0.395797879      0.392800987    
 -0.464979529     -0.666828096    
  0.859980881       1.53408200E-03
 -0.471702754     -0.525772452    
 -0.187824994      -4.56590503E-02
 -0.427811533      0.369713306    
 -0.469057888     -0.679621339    
  0.830124259       4.47825082E-02
 -0.469244480     -0.572752297    
 -0.237145096      -9.53787491E-02
 -0.459825188      0.346625626    
 -0.473136246     -0.692414582    
  0.800267637       8.80309343E-02
 -0.466786206     -0.619732141    
 -0.286465198     -0.145098448    
 -0.491838843      0.323537946    
 -0.477214605     -0.705207825    
  0.770411015      0.131279364    
 -0.464327931     -0.666711986    
 -0.335785300     -0.194818139    
 -0.464429319      0.310584605    
 -0.482564956     -0.697136223    
  0.740407109      0.132016420    
 -0.461869657     -0.713691831    
 -0.385105401     -0.244537830    
 -0.496442974      0.287496924    
 -0.486643314     -0.709929466    
  0.767816603      0.119063087    
 -0.413397014     -0.667522371    
 -0.384145021     -0.285534501    
 -0.473719746      0.287857533    
 -0.486528069     -0.685899436    
  0.744091332      0.122764610    
 -0.364924371     -0.621352911    
 -0.383184642     -0.326531172    
 -0.450996518      0.288218141    
 -0.486412823     -0.661869407    
  0.720366061      0.126466125    
 -0.316451728     -0.575183451    
 -0.382224262     -0.367527843    
 -0.428273290      0.288578749    
 -0.486297578     -0.637839377    
  0.696640790      0.130167648    
 -0.267979085     -0.529013991    
 -0.381263882     -0.408524513    
 -0.405550063      0.288939357    
 -0.486182332     -0.613809347    
  0.685461223      0.176850885    
 -0.219506457     -0.482844502    
 -0.380303502     -0.449521184    
 -0.382826835      0.289299965    
 -0.486067086     -0.589779317    
  0.661735952      0.180552408    
 -0.225732833     -0.491249502    
 -0.365325928     -0.478208601    
 -0.406538248      0.324726045    
 -0.494745642     -0.634935856    
  0.665832877      0.151847377    
 -0.231959209     -0.499654502    
 -0.350348353     -0.506896019    
 -0.430249661      0.360152125    
 -0.446115077     -0.663668692    
  0.704265237      0.124569103    
 -0.238185585     -0.508059502    
 -0.335370779     -0.535583436    
 -0.453961074      0.395578206    
 -0.454793632     -0.708825231    
  0.708362162       9.58640650E-02
 -0.244411960     -0.516464531    
 -0.320393205     -0.564270854    
 -0.477672487      0.431004286    
 -0.463472188     -0.753981769    
  0.712459087       6.71590269E-02
 -0.250638336     -0.524869561    
 -0.305415630     -0.592958272    
 -0.456496775      0.422325730    
 -0.485451251     -0.749884844    
  0.705477178       2.64286622E-02
 -0.211538911     -0.540889621    
 -0.350611091     -0.553586841    
 -0.472833902      0.375005066    
 -0.478492171     -0.721669555    
  0.699395359       1.04987789E-02
 -0.172439486     -0.556909680    
 -0.395806551     -0.514215410    
 -0.489171028      0.327684402    
 -0.471533090     -0.693454266    
  0.693313539      -5.43110445E-03
 -0.133340061     -0.572929740    
 -0.441002011     -0.474844009    
 -0.488288790      0.334643483    
 -0.428731501     -0.699536085    
  0.738428116       2.64893994E-02
  -9.42406356E-02 -0.588949800    
 -0.486197472     -0.435472608    
 -0.487406552      0.341602564    
 -0.385929912     -0.705617905    
  0.783542693       5.84099032E-02
  -5.51412106E-02 -0.604969859    
 -0.479238391     -0.407257318    
 -0.493488342      0.325672686    
 -0.354009420     -0.737677753    
  0.768663406       8.04622099E-02
  -3.08997873E-02 -0.592238486    
 -0.480889231     -0.365599394    
 -0.458458960      0.314404458    
 -0.392869949     -0.776233971    
  0.775100708       4.21545617E-02
  -6.65836409E-03 -0.579507113    
 -0.482540071     -0.323941469    
 -0.423429579      0.303136230    
 -0.431730479     -0.814790189    
  0.781538010       3.84691358E-03
   1.75830591E-02 -0.566775739    
 -0.484190911     -0.282283545    
 -0.467677206      0.286237866    
 -0.442998707     -0.830293000    
  0.742981791       2.99616754E-02
  -2.66645681E-02 -0.583674073    
 -0.495459139     -0.297786355    
 -0.461239904      0.247930214    
 -0.410031766     -0.795599282    
  0.711864352       1.85637474E-02
  -2.42314488E-03 -0.570942700    
 -0.497109979     -0.256128430    
 -0.426210523      0.236662000    
 -0.448892295     -0.834155500    
  0.718301654      -1.97439007E-02
   2.18182784E-02 -0.558211327    
 -0.498760819     -0.214470506    
 -0.470458150      0.219763637    
 -0.415925354     -0.799461782    
  0.687184215      -3.11418287E-02
   5.15681542E-02 -0.542697430    
 -0.466415554     -0.237023890    
 -0.438868791      0.182376072    
 -0.451645076     -0.778591812    
  0.645982206      -3.49725075E-02
   8.13180283E-02 -0.527183533    
 -0.434070289     -0.259577274    
 -0.407279432      0.144988507    
 -0.487364799     -0.757721841    
  0.604780197      -3.88031863E-02
  0.111067906     -0.511669636    
 -0.401725024     -0.282130659    
 -0.375690073      0.107600942    
 -0.491195470     -0.731891334    
  0.646647871       6.48074597E-03
  0.106861293     -0.479324371    
 -0.409143835     -0.250541300    
 -0.418323576       7.18812197E-02
 -0.495026141     -0.706060827    
  0.688515544       5.17646782E-02
  0.136611164     -0.463810503    
 -0.376798570     -0.273094684    
 -0.386734217       3.44936512E-02
 -0.498856813     -0.680230319    
  0.730383217       9.70486104E-02
  0.166361034     -0.448296636    
 -0.344453305     -0.295648068    
 -0.355144858      -2.89391726E-03
 -0.453572869     -0.710869849    
  0.710107327       7.53251761E-02
  0.141424119     -0.440186381    
 -0.352457911     -0.280885875    
 -0.370057464       4.57469001E-02
 -0.472893745     -0.723723710    
  0.749649644      0.117860310    
  0.116487198     -0.432076126    
 -0.360462517     -0.266123682    
 -0.384970069       9.43877175E-02
 -0.492214620     -0.736577570    
  0.787991107       9.69856977E-02
   9.15502757E-02 -0.423965871    
 -0.368467122     -0.251361489    
 -0.399882674      0.143028527    
 -0.483399242     -0.697035313    
  0.826332569       7.61110857E-02
   6.66133538E-02 -0.415855616    
 -0.376471728     -0.236599296    
 -0.414795280      0.191669345    
 -0.474583864     -0.657492995    
  0.864674032       5.52364737E-02
   4.16764319E-02 -0.407745361    
 -0.384476334     -0.221837103    
 -0.429707885      0.240310162    
 -0.493904740     -0.670346856    
  0.903015494       3.43618616E-02
   6.20401278E-02 -0.454419345    
 -0.349077702     -0.215590715    
 -0.387555420      0.217733771    
 -0.485638559     -0.629131675    
  0.935722411       2.62912363E-02
   8.24038237E-02 -0.501093328    
 -0.313679069     -0.209344327    
 -0.345402956      0.195157379    
 -0.477372378     -0.587916493    
  0.968429327       1.82206109E-02
  0.111625575     -0.465694696    
 -0.292930096     -0.167191863    
 -0.337509036      0.166427970    
 -0.469106197     -0.546701312    
  0.939725280       3.00300606E-02
  0.140847325     -0.430296063    
 -0.272181123     -0.125039399    
 -0.329615116      0.137698561    
 -0.495082915     -0.529929519    
  0.980940461      -4.88611311E-03
  0.161211014     -0.476970047    
 -0.236782476     -0.118793003    
 -0.287462652      0.115122169    
 -0.486816734     -0.488714308    
  0.986655653      -5.53541631E-03
  0.126882195     -0.431073636    
 -0.243610352      -7.20986649E-02
 -0.257447869      0.156406298    
 -0.499354035     -0.450242877    
  0.967878938       3.05288006E-03
   9.25533772E-02 -0.385177225    
 -0.250438243      -2.54043266E-02
 -0.227433100      0.197690427    
 -0.498057246     -0.459065169    
  0.949102223       1.16411764E-02
   5.82245588E-02 -0.339280814    
 -0.257266134       2.12900117E-02
 -0.197418332      0.238974556    
 -0.496760458     -0.467887461    
  0.930325508       2.02294737E-02
   2.38957405E-02 -0.293384403    
 -0.264094025       6.79843500E-02
 -0.167403564      0.280258685    
 -0.495463669     -0.476709753    
  0.911548793       2.88177691E-02
  -1.04330778E-02 -0.247487992    
 -0.270921916      0.114678688    
 -0.137388796      0.321542799    
 -0.494166881     -0.485532045    
  0.892772079       3.74060646E-02
  -4.47618961E-02 -0.201591581    
 -0.277749807      0.161373019    
 -0.107374027      0.362826914    
 -0.492870092     -0.494354337    
  0.873995364       4.59943600E-02
  -3.48433554E-02 -0.211426482    
 -0.298352510      0.197774366    
  -8.34555328E-02  0.350399077    
 -0.475128889     -0.462365866    
  0.830213904      -3.07244807E-03
  -2.49248147E-02 -0.221261382    
 -0.318955213      0.234175712    
  -5.95370345E-02  0.337971240    
 -0.457387686     -0.430377394    
  0.786432445      -5.21392561E-02
  -1.50062740E-02 -0.231096283    
 -0.339557916      0.270577043    
  -3.56185362E-02  0.325543404    
 -0.439646482     -0.398388922    
  0.742650986     -0.101206064    
  -5.08773327E-03 -0.240931183    
 -0.360160619      0.306978375    
  -1.17000379E-02  0.313115567    
 -0.489467144     -0.390959740    
  0.774639487      -7.73722082E-02
   4.83080745E-03 -0.250766069    
 -0.380763322      0.343379706    
   1.22184604E-02  0.300687730    
 -0.471725941     -0.358971268    
  0.730858028     -0.126439020    
  -3.99282947E-02 -0.269567132    
 -0.339738190      0.317133009    
   2.39740871E-02  0.323983878    
 -0.430547357     -0.326050937    
  0.690719962      -7.81875849E-02
  -8.46873969E-02 -0.288368195    
 -0.298713058      0.290886313    
   3.57297137E-02  0.347280025    
 -0.389368773     -0.293130606    
  0.650581896      -2.99361534E-02
 -0.129446507     -0.307169259    
 -0.257687926      0.264639616    
   4.74853404E-02  0.370576173    
 -0.348190188     -0.260210276    
  0.610443830       1.83152780E-02
 -0.174205601     -0.325970322    
 -0.216662779      0.238392934    
   5.92409670E-02  0.393872321    
 -0.307011604     -0.227289930    
  0.570305765       6.65667057E-02
 -0.218964696     -0.344771385    
 -0.175637633      0.212146252    
   7.09965974E-02  0.417168468    
 -0.265833020     -0.194369584    
  0.530167699      0.114818141    
 -0.263723791     -0.363572448    
 -0.134612486      0.185899571    
   8.27522278E-02  0.440464616    
 -0.224654436     -0.161449239    
  0.490029633      0.163069576    
 -0.308482885     -0.382373512    
  -9.35873389E-02  0.159652889    
   9.45078582E-02  0.463760763    
 -0.183475852     -0.128528893    
  0.449891567      0.211321011    
 -0.353241980     -0.401174575    
  -5.25621958E-02  0.133406207    
  0.106263489      0.487056911    
 -0.142297268      -9.56085473E-02
  0.409753501      0.259572446    
 -0.398001075     -0.419975638    
  -1.15370527E-02  0.107159525    
  0.139183834      0.461038977    
  -9.40458328E-02  -9.89418924E-02
  0.385686517      0.263875991    
 -0.442760170     -0.438776702    
   2.94880904E-02   8.09128433E-02
  0.150939465      0.484335124    
  -5.28672524E-02  -6.60215467E-02
  0.345548451      0.312127411    
 -0.442025632     -0.413926035    
   4.65966202E-02   3.94730121E-02
  0.118170992      0.477093995    
  -9.56602395E-02 -0.112544194    
  0.306859434      0.273196816    
 -0.441291094     -0.389075369    
   6.37051463E-02  -1.96681917E-03
   8.54025185E-02  0.469852865    
 -0.138453215     -0.159066841    
  0.268170416      0.234266222    
 -0.440556556     -0.364224702    
   8.08136761E-02  -4.34066504E-02
   5.26340418E-02  0.462611735    
 -0.181246191     -0.205589488    
  0.229481399      0.195335627    
 -0.439822018     -0.339374036    
   9.79222059E-02  -8.48464817E-02
   1.98655650E-02  0.455370605    
 -0.224039167     -0.252112120    
  0.190792382      0.156405032    
 -0.439087480     -0.314523369    
  0.115030736     -0.126286313    
  -1.29029118E-02  0.448129475    
 -0.266832143     -0.298634768    
  0.152103364      0.117474429    
 -0.438352942     -0.289672703    
  0.132139266     -0.167726144    
  -4.56713885E-02  0.440888345    
 -0.309625119     -0.345157415    
  0.113414340       7.85438269E-02
 -0.437618405     -0.264822036    
  0.149247795     -0.209165975    
  -7.84398615E-02  0.433647215    
 -0.352418095     -0.391680062    
   7.47253150E-02   3.96132246E-02
 -0.436883867     -0.239971384    
  0.166356325     -0.250605822    
 -0.111208335      0.426406085    
 -0.395211071     -0.438202709    
   3.60362902E-02   6.82622194E-04
 -0.436149329     -0.215120733    
  0.183464855     -0.292045653    
 -0.143976808      0.419164956    
 -0.438004047     -0.484725356    
  -2.65273452E-03  -3.82479802E-02
 -0.435414791     -0.190270081    
  0.200573385     -0.333485484    
 -0.176745281      0.411923826    
 -0.480797023     -0.531247973    
  -4.13417593E-02  -7.71785825E-02
 -0.434680253     -0.165419430    
  0.217681915     -0.374925315    
 -0.209513754      0.404682696    
 -0.441167206     -0.569936991    
  -4.18004356E-02  -9.63849798E-02
 -0.433945715     -0.140568778    
  0.234790444     -0.416365147    
 -0.242282227      0.397441566    
 -0.483960181     -0.616459608    
  -8.04894567E-02 -0.135315582    
 -0.433211178     -0.115718126    
  0.211478293     -0.449133635    
 -0.255664825      0.354648590    
 -0.444330364     -0.655148625    
  -8.09481293E-02 -0.154521987    
 -0.432476640      -9.08674747E-02
  0.172547698     -0.449592322    
 -0.222823232      0.349240780    
 -0.477942705     -0.638538599    
  -7.55778477E-02 -0.118028328    
 -0.431742102      -6.60168231E-02
  0.149235547     -0.482360810    
 -0.236205831      0.306447804    
 -0.438312888     -0.677227616    
  -7.60365203E-02 -0.137234733    
 -0.431007564      -4.11661677E-02
  0.110304944     -0.482819498    
 -0.203364238      0.301039994    
 -0.471925229     -0.660617590    
  -7.06662387E-02 -0.100741073    
 -0.430273026      -1.63155124E-02
   8.69928002E-02 -0.515587986    
 -0.216746837      0.258247018    
 -0.432295412     -0.699306607    
  -7.11249113E-02 -0.119947471    
 -0.384234041      -4.56932932E-04
   5.34954593E-02 -0.494879037    
 -0.221418500      0.306269437    
 -0.465830684     -0.663564682    
  -5.95130101E-02 -0.126777366    
 -0.338195056       1.54016465E-02
   8.32005739E-02 -0.495834053    
 -0.200709552      0.259788990    
 -0.417808264     -0.638574302    
  -2.37710737E-02 -0.119326539    
 -0.292156070       3.12602259E-02
  0.112905689     -0.496789068    
 -0.180000603      0.213308543    
 -0.369785845     -0.613583922    
   1.19708627E-02 -0.111875713    
 -0.246117100       4.71188053E-02
   7.94083476E-02 -0.476080120    
 -0.184672266      0.261330962    
 -0.403321117     -0.577841997    
   2.35827658E-02 -0.118705615    
 -0.200078130       6.29773885E-02
  0.109113462     -0.477035135    
 -0.163963318      0.214850515    
 -0.355298698     -0.552851617    
   5.93247041E-02 -0.111254789    
 -0.154039159       7.88359642E-02
  0.138818577     -0.477990150    
 -0.143254369      0.168370068    
 -0.307276279     -0.527861238    
   9.50666368E-02 -0.103803962    
 -0.108000189       9.46945399E-02
  0.168523684     -0.478945166    
 -0.122545414      0.121889621    
 -0.259253860     -0.502870858    
  0.130808577      -9.63531360E-02
  -6.19612150E-02  0.110553116    
  0.135026336     -0.458236217    
 -0.127217069      0.169912040    
 -0.292789131     -0.467128932    
  0.142420486     -0.103183039    
  -1.59222409E-02  0.126411691    
  0.164731443     -0.459191233    
 -0.106508113      0.123431593    
 -0.244766712     -0.442138582    
  0.178162426      -9.57322121E-02
   3.01167332E-02  0.142270267    
  0.194436550     -0.460146248    
  -8.57991576E-02   7.69511461E-02
 -0.196744293     -0.417148232    
  0.213904366      -8.82813856E-02
   7.61557072E-02  0.158128843    
  0.160939217     -0.439437300    
  -9.04708132E-02  0.124973573    
 -0.230279565     -0.381406307    
  0.225516275      -9.51112881E-02
  0.122194678      0.173987418    
  0.190644324     -0.440392315    
  -6.97618574E-02   7.84931257E-02
 -0.182257146     -0.356415957    
  0.261258215      -8.76604617E-02
  0.168233648      0.189845994    
  0.220349431     -0.441347331    
  -4.90529016E-02   3.20126787E-02
 -0.134234726     -0.331425607    
  0.297000140      -8.02096352E-02
  0.214272618      0.205704570    
  0.186852098     -0.420638382    
  -5.37245572E-02   8.00351053E-02
 -0.167769998     -0.295683682    
  0.308612049      -8.70395377E-02
  0.260311604      0.221563146    
  0.216557205     -0.421593398    
  -3.30156013E-02   3.35546583E-02
 -0.119747572     -0.270693332    
  0.344353974      -7.95887113E-02
  0.306350589      0.237421721    
  0.246262312     -0.422548413    
  -1.23066474E-02  -1.29257888E-02
  -7.17251450E-02 -0.245702967    
  0.380095899      -7.21378848E-02
  0.297875941      0.203196377    
  0.281205237     -0.393295407    
  -3.57641876E-02   3.67991067E-02
  -5.79635650E-02 -0.246731326    
  0.394662380      -9.88166928E-02
  0.289401293      0.168971032    
  0.316148162     -0.364042401    
  -5.92217296E-02   8.65240023E-02
  -4.42019850E-02 -0.247759685    
  0.409228861     -0.125495493    
  0.280926645      0.134745687    
  0.351091087     -0.334789395    
  -8.26792717E-02  0.136248901    
  -3.04404050E-02 -0.248788044    
  0.423795342     -0.152174294    
  0.272451997      0.100520343    
  0.386034012     -0.305536389    
 -0.106136814      0.185973793    
  -1.66788250E-02 -0.249816403    
  0.438361824     -0.178853095    
  0.263977349       6.62949979E-02
  0.420976937     -0.276283383    
 -0.129594356      0.235698685    
  -2.91724503E-03 -0.250844777    
  0.452928305     -0.205531895    
  0.255502701       3.20696570E-02
  0.455919862     -0.247030392    
 -0.153051898      0.285423577    
   1.08443350E-02 -0.251873136    
  0.467494786     -0.232210696    
  0.247028068      -2.15568393E-03
  0.490862787     -0.217777401    
 -0.176509440      0.335148484    
   2.46059150E-02 -0.252901495    
  0.482061267     -0.258889496    
  0.238553435      -3.63810249E-02
  0.525805712     -0.188524410    
 -0.199966982      0.384873390    
   3.83674949E-02 -0.253929853    
  0.496627748     -0.285568297    
  0.230078802      -7.06063658E-02
  0.560748637     -0.159271419    
 -0.223424524      0.434598297    
   5.21290749E-02 -0.254958212    
  0.518716693     -0.262966752    
  0.221604168     -0.104831710    
  0.595691562     -0.130018428    
 -0.246882066      0.484323204    
   6.58906549E-02 -0.255986571    
  0.540805578     -0.240365207    
  0.213129535     -0.139057055    
  0.630634487     -0.100765437    
 -0.270339608      0.534048080    
   7.96522349E-02 -0.257014930    
  0.540093482     -0.257050335    
  0.204654902     -0.173282400    
  0.665577412      -7.15124458E-02
 -0.293797135      0.583772957    
   9.34138149E-02 -0.258043289    
  0.562182426     -0.234448791    
  0.196180269     -0.207507744    
  0.700520337      -4.22594510E-02
 -0.317254663      0.633497834    
  0.107175395     -0.259071648    
  0.561470330     -0.251133919    
  0.187705636     -0.241733089    
  0.735463262      -1.30064562E-02
 -0.340712190      0.683222711    
  0.120936975     -0.260100007    
  0.583559275     -0.228532374    
  0.179231003     -0.275958419    
  0.770406187       1.62465386E-02
 -0.364169717      0.732947588    
  0.134698555     -0.261128366    
  0.605648160     -0.205930829    
  0.170756370     -0.310183764    
  0.805349112       4.54995334E-02
 -0.387627244      0.782672465    
  0.148460135     -0.262156725    
  0.604936063     -0.222615942    
  0.162281737     -0.344409108    
  0.840292037       7.47525245E-02
 -0.391679972      0.796434045    
  0.147327557     -0.247590244    
  0.627025008     -0.200014398    
  0.199117258     -0.387615651    
  0.828182220       3.03865224E-02
 -0.374053299      0.777080297    
  0.166819602     -0.257948637    
  0.595711887     -0.160724461    
  0.235952780     -0.430822194    
  0.872041523       7.20114857E-02
 -0.356910169      0.764970481    
  0.196383983     -0.240321964    
  0.625578582     -0.141232416    
  0.210220277     -0.386962861    
  0.859931707       2.76454836E-02
 -0.339283496      0.745616734    
  0.215876028     -0.250680357    
  0.666177630     -0.189514086    
  0.247055799     -0.430169404    
  0.867691934       4.47886214E-02
 -0.383649498      0.775181115    
  0.196522295     -0.220813677    
  0.655819237     -0.161522493    
  0.221323296     -0.386310071    
  0.875452161       6.19317591E-02
 -0.428015500      0.804745495    
  0.177168563     -0.190946996    
  0.645460844     -0.133530900    
  0.195590794     -0.342450738    
  0.863342345       1.75657570E-02
 -0.410388827      0.785391748    
  0.196660608     -0.201305389    
  0.653340876     -0.176922098    
  0.232426316     -0.385657281    
  0.871102571       3.47088948E-02
 -0.454754829      0.814956129    
  0.177306876     -0.171438709    
  0.642982483     -0.148930505    
  0.206693813     -0.341797948    
  0.878862798       5.18520325E-02
 -0.499120831      0.844520509    
  0.157953143     -0.141572028    
  0.632624090     -0.120938905    
  0.243529335     -0.385004491    
  0.866752982       7.48603046E-03
 -0.481494159      0.825166762    
  0.177445188     -0.151930422    
  0.673223138     -0.169220567    
  0.217796832     -0.341145158    
  0.874513209       2.46291663E-02
 -0.463867486      0.805813015    
  0.196937233     -0.162288815    
  0.641910017     -0.129930630    
  0.254632354     -0.384351701    
  0.882273436       4.17723022E-02
 -0.446240813      0.786459267    
  0.216429278     -0.172647208    
  0.682509065     -0.178212300    
  0.228899851     -0.340492368    
  0.890033662       5.89154363E-02
 -0.490606815      0.816023648    
  0.197075546     -0.142780527    
  0.672150671     -0.150220707    
  0.265735358     -0.383698910    
  0.877923846       1.45494342E-02
 -0.472980142      0.796669900    
  0.216567591     -0.153138921    
  0.640837550     -0.110930771    
  0.240002856     -0.339839578    
  0.885684073       3.16925719E-02
 -0.455353469      0.777316153    
  0.236059636     -0.163497314    
  0.681436598     -0.159212440    
  0.276838362     -0.383046120    
  0.893444300       4.88357097E-02
 -0.499719471      0.806880534    
  0.216705903     -0.133630633    
  0.671078205     -0.131220847    
  0.251105875     -0.339186788    
  0.881334484       4.46970761E-03
 -0.482092798      0.787526786    
  0.236197948     -0.143989027    
  0.678958237     -0.174612045    
  0.287941396     -0.382393330    
  0.889094710       2.16128435E-02
 -0.464466125      0.768173039    
  0.255690008     -0.154347420    
  0.647645116     -0.135322109    
  0.270294219     -0.381931633    
  0.912540436      -2.25607064E-02
 -0.435333699      0.785578430    
  0.276236653     -0.163296312    
  0.691552579     -0.102902129    
  0.252647042     -0.381469935    
  0.939015031       6.57171384E-03
 -0.454204768      0.806125104    
  0.268378735     -0.119388819    
  0.680445492      -8.97276029E-02
  0.234999850     -0.381008238    
  0.956420422      -1.22993439E-02
 -0.463153660      0.798267186    
  0.300798714     -0.130495921    
  0.675611556      -7.23162517E-02
  0.217352659     -0.380546540    
  0.969594955      -1.71332750E-02
 -0.473523229      0.811269939    
  0.326823115     -0.120742321    
  0.647256434      -4.51487936E-02
  0.199705467     -0.380084842    
  0.976167262       6.31152652E-03
 -0.486720979      0.768909812    
  0.315267682     -0.124086119    
  0.695510149      -3.94833535E-02
  0.182058275     -0.379623145    
  0.989341795       1.47759588E-03
 -0.497090548      0.781912565    
  0.341292083     -0.114332519    
  0.667155027      -1.23158954E-02
  0.164411083     -0.379161447    
  0.967229247      -1.17201488E-02
 -0.448836833      0.787577987    
  0.387903720     -0.144654214    
  0.659700274       2.93150358E-03
  0.146763891     -0.378699750    
  0.993253648      -1.96654629E-03
 -0.477191955      0.814745426    
  0.384911299     -0.185030088    
  0.683145046      -1.15513047E-02
  0.129116699     -0.378238052    
  0.971141100      -1.51642906E-02
 -0.480535746      0.847973764    
  0.390576750     -0.167651981    
  0.652823329      -2.41023861E-02
  0.111469507     -0.377776355    
  0.977713406       8.28051101E-03
 -0.493733495      0.805613637    
  0.379021317     -0.170995772    
  0.701077044      -1.84369460E-02
   9.38223153E-02 -0.377314657    
  0.998260081      -6.68387860E-04
 -0.498567432      0.823024988    
  0.392024070     -0.172076374    
  0.710830629       1.40154548E-02
   7.61751235E-02 -0.376852959    
  0.986704648      -4.01218468E-03
 -0.450313717      0.828690410    
  0.438635707     -0.202398077    
  0.703375876       2.92628538E-02
   5.85279316E-02 -0.376391262    
  0.964592099      -1.72099285E-02
 -0.498186946      0.817134976    
  0.471864074     -0.154144362    
  0.720753968       7.58745000E-02
   4.08807397E-02 -0.375929564    
  0.971164405       6.23487309E-03
 -0.449933231      0.822800398    
  0.518475711     -0.184466064    
  0.713299215       9.11218971E-02
   2.32335497E-02 -0.375467867    
  0.991711080      -2.71402579E-03
 -0.461040318      0.835974932    
  0.535887063     -0.194835633    
  0.712218642      0.117146313    
   5.58635965E-03 -0.375006169    
  0.969598532      -1.59117691E-02
 -0.491362005      0.823423862    
  0.551134467     -0.205643505    
  0.679790616      0.160448268    
  -1.20608304E-02 -0.374544472    
  0.976170838       7.53303245E-03
 -0.494705796      0.856652200    
  0.556799889     -0.188265398    
  0.649468899      0.147897184    
   1.56086236E-02 -0.383089960    
  0.957942247      -2.11497657E-02
 -0.488989413      0.813674390    
  0.570607364     -0.150138497    
  0.623817444      0.153827846    
  -3.18037197E-02 -0.400323242    
  0.929200590       1.13828853E-03
 -0.452504009      0.798914492    
  0.535303175     -0.184928969    
  0.608642638      0.124853194    
  -7.92160630E-02 -0.417556524    
  0.900458932       2.34263428E-02
 -0.416018605      0.784154594    
  0.499998987     -0.219719440    
  0.593467832       9.58785415E-02
 -0.126628399     -0.434789807    
  0.871717274       4.57143970E-02
 -0.379533201      0.769394696    
  0.464694798     -0.254509896    
  0.578293025       6.69038892E-02
 -0.174040735     -0.452023089    
  0.842975616       6.80024475E-02
 -0.343047798      0.754634798    
  0.429390609     -0.289300352    
  0.563118219       3.79292369E-02
 -0.221453071     -0.469256371    
  0.814233959       9.02905017E-02
 -0.306562394      0.739874899    
  0.394086421     -0.324090809    
  0.547943413       8.95458460E-03
 -0.268865407     -0.486489654    
  0.785492301      0.112578556    
 -0.270076990      0.725115001    
  0.358782232     -0.358881265    
  0.532768607      -2.00200677E-02
 -0.316277742     -0.503722906    
  0.756750643      0.134866610    
 -0.233591586      0.710355103    
  0.339403719     -0.341581643    
  0.567190647       6.26451336E-03
 -0.363690078     -0.520956159    
  0.721446455      0.100076139    
 -0.248766392      0.681380451    
  0.320025206     -0.324282020    
  0.601612687       3.25490944E-02
 -0.365490884     -0.551267266    
  0.711877584       8.94612148E-02
 -0.210258618      0.641556561    
  0.323445350     -0.300628960    
  0.557768881       6.96179867E-02
 -0.367291689     -0.581578374    
  0.702308714       7.88462907E-02
 -0.171750844      0.601732671    
  0.326865494     -0.276975900    
  0.513925076      0.106686875    
 -0.369092494     -0.611889482    
  0.692739844       6.82313666E-02
 -0.133243069      0.561908782    
  0.330285639     -0.253322840    
  0.470081240      0.143755764    
 -0.370893300     -0.642200589    
  0.683170974       5.76164424E-02
  -9.47352946E-02  0.522084892    
  0.333705783     -0.229669780    
  0.426237404      0.180824652    
 -0.372694105     -0.672511697    
  0.673602104       4.70015183E-02
  -5.62275238E-02  0.482261002    
  0.337125927     -0.206016719    
  0.382393569      0.217893541    
 -0.374494910     -0.702822804    
  0.664033234       3.63865942E-02
  -1.77197531E-02  0.442437112    
  0.340546072     -0.182363659    
  0.338549733      0.254962444    
 -0.376295716     -0.733133912    
  0.654464364       2.57716682E-02
   2.07880177E-02  0.402613223    
  0.343966216     -0.158710599    
  0.294705898      0.292031348    
 -0.378096521     -0.763445020    
  0.644895494       1.51567422E-02
   5.92957884E-02  0.362789333    
  0.347386360     -0.135057539    
  0.250862062      0.329100251    
 -0.379897326     -0.793756127    
  0.635326624       4.54181619E-03
   9.78035629E-02  0.322965443    
  0.350806504     -0.111404479    
  0.207018241      0.366169155    
 -0.414173216     -0.803324997    
  0.675613880       4.30495888E-02
  0.141506165      0.326385587    
  0.370535195     -0.155248299    
  0.220660105      0.406057626    
 -0.448449105     -0.812893867    
  0.715901136       8.15573633E-02
  0.185208768      0.329805732    
  0.390263885     -0.199092120    
  0.221294373      0.404237866    
 -0.482724994     -0.822462738    
  0.756188393      0.120065138    
  0.228911370      0.333225876    
  0.409992576     -0.242935941    
  0.221928641      0.402418107    
 -0.439114958     -0.807372749    
  0.756312370      0.124922656    
  0.220529601      0.356678784    
  0.360784799     -0.207217917    
  0.243043110      0.361047357    
 -0.395504922     -0.792282760    
  0.756436348      0.129780173    
  0.212147832      0.380131692    
  0.311577022     -0.171499893    
  0.264157563      0.319676608    
 -0.351894885     -0.777192771    
  0.756560326      0.134637684    
  0.203766063      0.403584599    
  0.262369245     -0.135781869    
  0.285272032      0.278305858    
 -0.360276669     -0.753739893    
  0.715189576      0.141884133    
  0.219773278      0.434005111    
  0.258571655     -0.128943160    
  0.282893211      0.311894298    
 -0.316666633     -0.738649905    
  0.715313554      0.146741644    
  0.175398812      0.384797335    
  0.260030240     -0.107828699    
  0.290139675      0.308201522    
 -0.273056597     -0.723559916    
  0.715437531      0.151599154    
  0.167017043      0.408250242    
  0.210822478      -7.21106827E-02
  0.311254144      0.266830772    
 -0.284218431     -0.716077209    
  0.685370743      0.152062878    
  0.154972464      0.431137800    
  0.183140814      -6.35184795E-02
  0.327041417      0.236578122    
 -0.295380265     -0.708594501    
  0.655303955      0.152526602    
  0.142927885      0.454025358    
  0.155459151      -5.49262725E-02
  0.342828691      0.206325471    
 -0.306542099     -0.701111794    
  0.686294556      0.169154778    
  0.143391609      0.454005808    
  0.178346723      -9.87081677E-02
  0.351420909      0.168185025    
 -0.317703933     -0.693629086    
  0.656227767      0.169618502    
  0.131347030      0.476893365    
  0.150665060      -9.01159644E-02
  0.367208183      0.137932375    
 -0.328865767     -0.686146379    
  0.626160979      0.170082226    
  0.119302452      0.499780923    
  0.122983396      -8.15237612E-02
  0.382995456      0.107679725    
 -0.340027601     -0.678663671    
  0.657151580      0.186710402    
  0.119766183      0.499761373    
  0.145870969     -0.125305653    
  0.391587675       6.95392713E-02
 -0.351189435     -0.671180964    
  0.627084792      0.187174127    
   7.59842843E-02  0.472079694    
  0.107730515     -0.109518372    
  0.365281671       6.51690960E-02
 -0.362351269     -0.663698256    
  0.597018003      0.187637851    
   6.39397055E-02  0.494967252    
   8.00488442E-02 -0.100926168    
  0.381068945       3.49164456E-02
 -0.328107953     -0.710790038    
  0.635835469      0.169453248    
   6.09959401E-02  0.465020180    
   5.46896420E-02  -8.01831931E-02
  0.367873996       1.70402844E-02
 -0.336935669     -0.671972573    
  0.592261910      0.211011097    
   5.80521747E-02  0.435073107    
   2.93304399E-02  -5.94402216E-02
  0.354679048      -8.35876912E-04
 -0.302692354     -0.719064355    
  0.631079376      0.192826495    
   9.96100157E-02  0.473342627    
  -6.16632402E-04  -1.81837156E-02
  0.375422031      -4.26063351E-02
 -0.311520070     -0.680246890    
  0.587505817      0.234384343    
   9.66662467E-02  0.443395555    
  -2.59758346E-02   2.55925581E-03
  0.362227082      -6.04824945E-02
 -0.277276754     -0.727338672    
  0.545735359      0.221189380    
  0.110208273      0.411110908    
   1.88648365E-02  -1.84202082E-02
  0.350739181      -2.67599449E-02
 -0.286104470     -0.688521206    
  0.502161801      0.262747228    
  0.107264504      0.381163836    
  -6.49436563E-03   2.32276320E-03
  0.337544233      -4.46361080E-02
 -0.294932187     -0.649703741    
  0.458588243      0.304305077    
  0.104320735      0.351216763    
  -3.18535678E-02   2.30657347E-02
  0.324349284      -6.25122711E-02
 -0.315052927     -0.604418814    
  0.468979478      0.304457426    
   7.11850971E-02  0.318118453    
  -6.28170185E-03   4.92206104E-02
  0.329015255      -9.00483206E-02
 -0.335173666     -0.559133887    
  0.457125574      0.271321803    
   7.29020536E-02  0.343690306    
   2.75143962E-02   5.38865924E-02
  0.344817579      -4.13149111E-02
 -0.355294406     -0.513848960    
  0.474720508      0.282984734    
   7.30543882E-02  0.331836402    
  -5.58390282E-03   5.56035452E-02
  0.370972455      -7.51881301E-03
 -0.375415146     -0.468564034    
  0.485111743      0.283137083    
   3.99187542E-02  0.298738092    
   1.99879631E-02   8.17584246E-02
  0.375638425      -3.50548625E-02
 -0.395535886     -0.423279107    
  0.495502979      0.283289433    
   6.78312033E-03  0.265639782    
   4.55598310E-02  0.107913300    
  0.380304396      -6.25909120E-02
 -0.415656626     -0.377994180    
  0.505894184      0.283441782    
  -2.63525136E-02  0.232541487    
   7.11316988E-02  0.134068176    
  0.384970367      -9.01269615E-02
 -0.435777366     -0.332709253    
  0.494040281      0.250306159    
  -2.46355608E-02  0.258113354    
  0.104927793      0.138734162    
  0.400772691      -4.13935520E-02
 -0.410499454     -0.294853926    
  0.475599021      0.202423379    
  -2.41511948E-02  0.254053652    
  0.144003600      0.172631547    
  0.404459089      -5.85678555E-02
 -0.385221541     -0.256998599    
  0.457157761      0.154540598    
  -2.36668289E-02  0.249993950    
  0.183079392      0.206528932    
  0.408145487      -7.57421553E-02
 -0.359943628     -0.219143271    
  0.438716501      0.106657818    
  -2.31824629E-02  0.245934248    
  0.222155184      0.240426317    
  0.411831886      -9.29164588E-02
 -0.334665716     -0.181287944    
  0.420275241       5.87750338E-02
  -2.26980969E-02  0.241874546    
  0.261230975      0.274323702    
  0.415518284     -0.110090762    
 -0.309387803     -0.143432617    
  0.401833981       1.08922496E-02
  -2.22137310E-02  0.237814844    
  0.300306767      0.308221072    
  0.419204682     -0.127265066    
 -0.284109890     -0.105577290    
  0.383392721      -3.69905345E-02
  -2.17293650E-02  0.233755141    
  0.339382559      0.342118442    
  0.422891080     -0.144439369    
 -0.258831978      -6.77219629E-02
  0.364951462      -8.48733187E-02
  -2.12449990E-02  0.229695439    
  0.321244210      0.345804840    
  0.423920244     -0.127298683    
 -0.233554065      -2.98666395E-02
  0.346510202     -0.132756099    
  -2.07606331E-02  0.225635737    
  0.303105861      0.349491239    
  0.424949408     -0.110157996    
 -0.263073206      -4.67895418E-02
  0.302585214     -0.145418420    
  -6.16793185E-02  0.191079959    
  0.289424628      0.356763184    
  0.403522193      -7.70579129E-02
 -0.292592347      -6.37124479E-02
  0.258660227     -0.158080742    
 -0.102598004      0.156524181    
  0.275743395      0.364035130    
  0.382094979      -4.39578258E-02
 -0.322111487      -8.06353539E-02
  0.214735255     -0.170743063    
 -0.143516690      0.121968403    
  0.262062162      0.371307075    
  0.360667765      -1.08577386E-02
 -0.351630628      -9.75582600E-02
  0.170810282     -0.183405384    
 -0.184435368       8.74126256E-02
  0.248380929      0.378579021    
  0.339240551       2.22423486E-02
 -0.381149769     -0.114481166    
  0.126885310     -0.196067706    
 -0.225354046       5.28568514E-02
  0.234699696      0.385850966    
  0.317813337       5.53424358E-02
 -0.410668910     -0.131404072    
   8.29603374E-02 -0.208730027    
 -0.266272724       1.83010772E-02
  0.221018463      0.393122911    
  0.296386123       8.84425193E-02
 -0.440188050     -0.148326978    
   3.90353613E-02 -0.221392348    
 -0.307191402      -1.62546970E-02
  0.207337230      0.400394857    
  0.274958909      0.121542603    
 -0.424289823     -0.172655031    
   8.49606842E-03 -0.196719483    
 -0.259988189      -1.51580255E-02
  0.166015506      0.419742435    
  0.278304547      0.129259378    
 -0.408391595     -0.196983084    
  -2.20432244E-02 -0.172046617    
 -0.212784976      -1.40613541E-02
  0.124693781      0.439090014    
  0.281650186      0.136976153    
 -0.392493367     -0.221311137    
  -5.25825173E-02 -0.147373751    
 -0.165581763      -1.29646827E-02
   8.33720565E-02  0.458437592    
  0.284995824      0.144692928    
 -0.376595140     -0.245639190    
  -8.31218064E-02 -0.122700885    
 -0.118378550      -1.18680112E-02
   4.20503356E-02  0.477785170    
  0.288341463      0.152409703    
 -0.360696912     -0.269967258    
 -0.113661095      -9.80280191E-02
  -7.11753368E-02  -1.07713398E-02
   7.28614628E-04  0.497132748    
  0.291687101      0.160126477    
 -0.344798684     -0.294295311    
 -0.144200385      -7.33551532E-02
  -2.39721276E-02  -9.67466831E-03
  -4.05931063E-02  0.516480327    
  0.295032740      0.167843252    
 -0.328900456     -0.318623364    
 -0.174739674      -4.86822873E-02
   2.32310817E-02  -8.57799686E-03
  -8.19148272E-02  0.535827875    
  0.298378378      0.175560027    
 -0.375441968     -0.362864733    
 -0.180238411      -7.28685781E-02
   7.29820877E-02  -1.88508872E-02
  -7.37255961E-02  0.522339940    
  0.310548514      0.130146950    
 -0.421983480     -0.407106102    
 -0.185737148      -9.70548689E-02
  0.122733086      -2.91237775E-02
  -6.55363649E-02  0.508852005    
  0.322718650       8.47338736E-02
 -0.468524992     -0.451347470    
 -0.191235885     -0.121241160    
  0.172484085      -3.93966660E-02
  -5.73471338E-02  0.495364070    
  0.334888786       3.93207967E-02
 -0.422900736     -0.456846207    
 -0.171602234      -7.14901537E-02
  0.129446000      -3.12074348E-02
  -5.44724427E-02  0.507534206    
  0.327514201       7.57593587E-02
 -0.469442248     -0.501087606    
 -0.177100971      -9.56764445E-02
  0.179196998      -4.14803252E-02
  -4.62832116E-02  0.494046271    
  0.339684337       3.03462818E-02
 -0.423817992     -0.506586313    
 -0.157467321      -4.59254421E-02
  0.136158913      -3.32910940E-02
  -4.34085205E-02  0.506216407    
  0.332309753       6.67848438E-02
 -0.424951881     -0.505594611    
 -0.151794419      -5.77992052E-02
  0.126593620      -3.29516046E-02
  -4.44016121E-02  0.505585134    
  0.356679380       9.59834903E-02
 -0.426085770     -0.504602909    
 -0.146121517      -6.96729720E-02
  0.117028326      -3.26121151E-02
  -4.53947037E-02  0.504953861    
  0.381049007      0.125182137    
 -0.427219659     -0.503611207    
 -0.140448615      -8.15467387E-02
  0.107463032      -3.22726257E-02
  -4.63877954E-02  0.504322588    
  0.405418634      0.154380783    
 -0.428353548     -0.502619505    
 -0.134775713      -9.34205055E-02
   9.78977382E-02  -3.19331363E-02
  -4.73808870E-02  0.503691316    
  0.429788262      0.183579430    
 -0.429487437     -0.501627803    
 -0.129102811     -0.105294272    
   8.83324444E-02  -3.15936469E-02
  -4.83739786E-02  0.503060043    
  0.454157889      0.212778077    
 -0.430621326     -0.500636101    
 -0.123429917     -0.117168039    
   7.87671506E-02  -3.12541574E-02
  -4.93670702E-02  0.502428770    
  0.478527516      0.241976723    
 -0.431755215     -0.499644369    
 -0.117757022     -0.129041806    
   6.92018569E-02  -3.09146680E-02
  -5.03601618E-02  0.501797497    
  0.502897143      0.271175385    
 -0.432889104     -0.498652637    
 -0.112084128     -0.140915573    
   5.96365631E-02  -3.05751786E-02
  -5.13532534E-02  0.501166224    
  0.458127767      0.264914781    
 -0.388797700     -0.505084932    
  -6.65964857E-02  -9.25444514E-02
   5.58759868E-02  -5.10622635E-02
  -2.38423068E-02  0.521045387    
  0.494981229      0.247655675    
 -0.344706297     -0.511517227    
  -2.11088434E-02  -4.41733263E-02
   5.21154106E-02  -7.15493485E-02
   3.66863981E-03  0.540924549    
  0.531834722      0.230396569    
 -0.300614893     -0.517949522    
   2.43787989E-02   4.19779867E-03
   4.83548343E-02  -9.20364335E-02
  -7.68824946E-04  0.577778041    
  0.539943278      0.196799159    
 -0.306296378     -0.500879228    
   4.61501628E-02  -1.01027628E-02
   6.02261126E-02 -0.101035647    
   2.94608977E-02  0.544153690    
  0.493777692      0.165323377    
 -0.311977863     -0.483808905    
   6.79215267E-02  -2.44033244E-02
   7.20973909E-02 -0.110034861    
   5.96906208E-02  0.510529339    
  0.447612107      0.133847594    
 -0.317659348     -0.466738582    
   8.96928906E-02  -3.87038849E-02
   8.39686692E-02 -0.119034074    
   8.99203420E-02  0.476904988    
  0.401446521      0.102371812    
 -0.323340833     -0.449668258    
  0.111464255      -5.30044474E-02
   9.58399475E-02 -0.128033280    
  0.120150067      0.443280637    
  0.355280936       7.08960295E-02
 -0.329022318     -0.432597935    
  0.133235618      -6.73050061E-02
  0.107711226     -0.137032494    
  0.150379792      0.409656286    
  0.309115350       3.94202471E-02
 -0.334703803     -0.415527612    
  0.155006990      -8.16055685E-02
  0.119582504     -0.146031708    
  0.180609509      0.376031935    
  0.262949765       7.94446468E-03
 -0.340385288     -0.398457289    
  0.176778361      -9.59061310E-02
  0.131453782     -0.155030921    
  0.210839227      0.342407584    
  0.216784164      -2.35313177E-02
 -0.346066773     -0.381386966    
  0.198549733     -0.110206693    
  0.143325061     -0.164030135    
  0.241068944      0.308783233    
  0.170618564      -5.50071001E-02
 -0.351748258     -0.364316642    
  0.220321104     -0.124507256    
  0.155196339     -0.173029348    
  0.271298677      0.275158882    
  0.124452963      -8.64828825E-02
 -0.357429743     -0.347246319    
  0.242092475     -0.138807818    
  0.167067617     -0.182028562    
  0.301528394      0.241534516    
   7.82873631E-02 -0.117958665    
 -0.363111228     -0.330175996    
  0.263863832     -0.153108373    
  0.178938895     -0.191027775    
  0.331758112      0.207910150    
   3.21217664E-02 -0.149434447    
 -0.368792713     -0.313105673    
  0.285635203     -0.167408928    
  0.190810174     -0.200026989    
  0.361987829      0.174285784    
  -1.40438303E-02 -0.180910230    
 -0.374474198     -0.296035349    
  0.307406574     -0.181709483    
  0.202681452     -0.209026203    
  0.392217547      0.140661418    
  -6.02094270E-02 -0.212386012    
 -0.380155683     -0.278965026    
  0.329177946     -0.196010038    
  0.214552730     -0.218025416    
  0.422447264      0.107037053    
 -0.106375024     -0.243861794    
 -0.340532929     -0.316661596    
  0.361621767     -0.197967783    
  0.179627687     -0.266787797    
  0.399452657       8.60635862E-02
 -0.137215242     -0.276123345    
 -0.300910175     -0.354358166    
  0.394065589     -0.199925527    
  0.144702643     -0.315550178    
  0.376458049       6.50901198E-02
 -0.168055460     -0.308384895    
 -0.261287421     -0.392054737    
  0.426509410     -0.201883271    
  0.109777600     -0.364312559    
  0.353463441       4.41166535E-02
 -0.198895678     -0.340646446    
 -0.221664682     -0.429751307    
  0.458953232     -0.203841016    
   7.48525560E-02 -0.413074940    
  0.330468833       2.31431853E-02
 -0.229735896     -0.372907996    
 -0.182041943     -0.467447877    
  0.491397053     -0.205798760    
   3.99275124E-02 -0.461837322    
  0.307474226       2.16971710E-03
 -0.260576129     -0.405169547    
 -0.142419204     -0.505144477    
  0.523840904     -0.207756504    
   5.00246882E-03 -0.510599732    
  0.284479618      -1.88037511E-02
 -0.291416347     -0.437431097    
 -0.102796465     -0.542841077    
  0.556284726     -0.209714249    
  -2.99225748E-02 -0.559362113    
  0.261485010      -3.97772193E-02
 -0.322256565     -0.469692647    
  -6.31737262E-02 -0.580537677    
  0.588728547     -0.211671993    
  -6.48476183E-02 -0.608124495    
  0.238490418      -6.07506856E-02
 -0.353096783     -0.501954198    
  -9.98052359E-02 -0.548093855    
  0.539966166     -0.211108297    
  -8.58210847E-02 -0.564009786    
  0.206228867      -6.22411519E-02
 -0.367623121     -0.524772763    
  -6.01824932E-02 -0.585790455    
  0.572409987     -0.213066041    
 -0.120746128     -0.612772167    
  0.183234274      -8.32146183E-02
 -0.398463339     -0.557034314    
  -9.68140066E-02 -0.553346634    
  0.562859416     -0.247991085    
 -0.120182432     -0.635766745    
  0.227348968     -0.114054836    
 -0.399953812     -0.540441930    
  -5.71912639E-02 -0.591043234    
  0.514097035     -0.247427389    
 -0.141155899     -0.591652036    
  0.195087418     -0.115545303    
 -0.414480150     -0.563260496    
  -9.38227773E-02 -0.558599412    
  0.504546463     -0.282352448    
 -0.140592203     -0.614646614    
  0.239202112     -0.146385521    
 -0.415970623     -0.546668112    
  -5.42000346E-02 -0.596296012    
  0.455784082     -0.281788766    
 -0.161565676     -0.570531905    
  0.206940562     -0.147875994    
 -0.430496961     -0.569486678    
  -9.08315480E-02 -0.563852191    
  0.446233511     -0.316713810    
 -0.161001980     -0.593526483    
  0.251055270     -0.178716213    
 -0.431987435     -0.552894294    
  -5.12088053E-02 -0.601548791    
  0.397471130     -0.316150129    
 -0.181975454     -0.549411774    
  0.218793720     -0.180206686    
 -0.446513772     -0.575712860    
  -8.78403187E-02 -0.569104970    
  0.387920558     -0.351075172    
 -0.181411758     -0.572406352    
  0.262908429     -0.211046904    
 -0.448004246     -0.559120476    
 -0.124471828     -0.536661148    
  0.339158177     -0.350511491    
 -0.202385232     -0.528291643    
  0.230646878     -0.212537378    
 -0.462530583     -0.581939042    
 -0.139508992     -0.581784248    
  0.300281018     -0.329849631    
 -0.227154806     -0.480023265    
  0.271049023     -0.200679660    
 -0.415303856     -0.604301751    
 -0.154546157     -0.626907349    
  0.261403859     -0.309187770    
 -0.251924396     -0.431754887    
  0.311451167     -0.188821942    
 -0.368077129     -0.626664460    
 -0.169583321     -0.672030449    
  0.222526699     -0.288525909    
 -0.276693970     -0.383486509    
  0.351853311     -0.176964223    
 -0.320850402     -0.649027169    
 -0.148921460     -0.625626504    
  0.270795077     -0.267923325    
 -0.264836252     -0.335121006    
  0.329490572     -0.209304258    
 -0.278053582     -0.692190349    
 -0.163958624     -0.670749545    
  0.231917918     -0.247261465    
 -0.289605826     -0.286852628    
  0.369892716     -0.197446540    
 -0.310393631     -0.685244977    
 -0.143296763     -0.624345601    
  0.280186296     -0.226658881    
 -0.277748108     -0.238487124    
  0.347529978     -0.229786575    
 -0.267596811     -0.728408158    
 -0.122634910     -0.577941656    
  0.328454673     -0.206056297    
 -0.265890390     -0.190121621    
  0.325167239     -0.262126625    
 -0.258538812     -0.689908385    
 -0.137672067     -0.623064756    
  0.289577514     -0.185394436    
 -0.290659964     -0.141853228    
  0.365569383     -0.250268906    
 -0.290878862     -0.682963014    
 -0.117010213     -0.576660812    
  0.337845892     -0.164791852    
 -0.278802246      -9.34877172E-02
  0.343206644     -0.282608956    
 -0.281820863     -0.644463241    
 -0.132047370     -0.621783853    
  0.298968732     -0.144129992    
 -0.303571820      -4.52193283E-02
  0.383608788     -0.270751238    
 -0.234594136     -0.666825950    
 -0.111385517     -0.575379908    
  0.347237110     -0.123527400    
 -0.291714102       3.14618275E-03
  0.361246049     -0.303091288    
 -0.225536138     -0.628326178    
 -0.126422673     -0.620502949    
  0.308359951     -0.102865547    
 -0.316483676       5.14145717E-02
  0.401648194     -0.291233569    
 -0.178309411     -0.650688887    
 -0.105760820     -0.574099004    
  0.356628329      -8.22629556E-02
 -0.304625958       9.97800827E-02
  0.379285455     -0.323573619    
 -0.169251412     -0.612189114    
 -0.120797984     -0.619222045    
  0.317751169      -6.16011024E-02
 -0.329395533      0.148048475    
  0.419687599     -0.311715901    
 -0.122024685     -0.634551823    
 -0.100136131     -0.572818100    
  0.366019547      -4.09985110E-02
 -0.317537814      0.196413994    
  0.397324860     -0.344055951    
 -0.112966679     -0.596052051    
 -0.115173295     -0.617941141    
  0.327142388      -2.03366559E-02
 -0.342307389      0.244682387    
  0.445690364     -0.296829224    
 -0.145306721     -0.589106679    
  -9.45114419E-02 -0.571537197    
  0.375410765       2.65933573E-04
 -0.330449671      0.293047905    
  0.423327625     -0.329169273    
 -0.102509886     -0.632269859    
  -6.42386377E-02 -0.571442246    
  0.397651851      -3.86180766E-02
 -0.366995275      0.280008674    
  0.382668436     -0.304649979    
 -0.138494566     -0.624397218    
  -3.39658335E-02 -0.571347296    
  0.419892937      -7.75020868E-02
 -0.403540879      0.266969442    
  0.342009246     -0.280130684    
 -0.174479246     -0.616524577    
  -3.69302742E-03 -0.571252346    
  0.442134023     -0.116386101    
 -0.440086484      0.253930211    
  0.301350057     -0.255611390    
 -0.152895570     -0.639857709    
   4.59972396E-02 -0.549011290    
  0.473895222     -0.152931705    
 -0.458123296      0.213271022    
  0.251987725     -0.234027714    
 -0.188880250     -0.631985068    
   7.11322948E-03 -0.517250061    
  0.460855991     -0.170968518    
 -0.433604002      0.163908690    
  0.228654608     -0.270012408    
 -0.232407242     -0.674158037    
   3.73860374E-02 -0.517155111    
  0.483097076     -0.209852532    
 -0.470149606      0.150869459    
  0.187995419     -0.245493114    
 -0.210823566     -0.697491169    
   6.76588416E-02 -0.517060161    
  0.505338132     -0.248736545    
 -0.488186419      0.110210270    
  0.138633072     -0.223909438    
 -0.246808246     -0.689618528    
   9.79316458E-02 -0.516965210    
  0.492298901     -0.266773343    
 -0.463667125       6.08479306E-02
  0.115299955     -0.259894133    
 -0.290335238     -0.731791496    
   5.90476356E-02 -0.485204011    
  0.479259670     -0.284810156    
 -0.439147830       1.14855915E-02
   9.19668376E-02 -0.295878828    
 -0.286817402     -0.727434278    
   8.93204436E-02 -0.485109061    
  0.466220438     -0.302846968    
 -0.414628536      -3.78767475E-02
   6.86337203E-02 -0.331863523    
 -0.296941102     -0.747225523    
  0.119593248     -0.485014111    
  0.425561249     -0.278327674    
 -0.393044859      -6.12098686E-02
   7.65063763E-02 -0.375390530    
 -0.293423265     -0.742868304    
  0.149866059     -0.484919161    
  0.447802335     -0.317211688    
 -0.429590464      -7.42491037E-02
   3.58471870E-02 -0.350871235    
 -0.329407960     -0.734995663    
  0.110982046     -0.453157961    
  0.407143146     -0.292692393    
 -0.408006787      -9.75822210E-02
   4.37198468E-02 -0.394398242    
 -0.339531660     -0.754786909    
   8.65526125E-02 -0.460490257    
  0.456759989     -0.288543552    
 -0.384397686     -0.131638765    
   9.08689275E-02 -0.349369615    
 -0.369823158     -0.761744976    
   6.21231794E-02 -0.467822552    
  0.506376863     -0.284394711    
 -0.360788584     -0.165695310    
  0.138018012     -0.304340988    
 -0.346014500     -0.769038141    
   3.76937464E-02 -0.475154847    
  0.503568769     -0.260785609    
 -0.349035084     -0.118546233    
  0.159357131     -0.280532330    
 -0.376305997     -0.775996208    
   1.32643115E-02 -0.482487142    
  0.553185642     -0.256636769    
 -0.325425982     -0.152602792    
  0.206506208     -0.235503703    
 -0.406597495     -0.782954276    
  -1.11651234E-02 -0.489819437    
  0.550377548     -0.233027667    
 -0.313672483     -0.105453715    
  0.227845326     -0.211695060    
 -0.436888993     -0.789912343    
  -3.55945602E-02 -0.497151732    
  0.599994421     -0.228878811    
 -0.290063381     -0.139510274    
  0.274994403     -0.166666433    
 -0.413080335     -0.797205508    
  -6.00239933E-02 -0.504483998    
  0.597186327     -0.205269709    
 -0.278309882      -9.23611969E-02
  0.296333522     -0.142857790    
 -0.443371832     -0.804163575    
  -8.44534263E-02 -0.511816263    
  0.646803200     -0.201120853    
 -0.254700780     -0.126417756    
  0.343482614      -9.78291631E-02
 -0.419563174     -0.811456740    
 -0.108882859     -0.519148529    
  0.643995106     -0.177511752    
 -0.242947295      -7.92686790E-02
  0.364821732      -7.40205199E-02
 -0.449854672     -0.818414807    
 -0.133312300     -0.526480794    
  0.693611979     -0.173362896    
 -0.219338194     -0.113325231    
  0.411970824      -2.89918967E-02
 -0.480146170     -0.825372875    
 -0.112425290     -0.488569170    
  0.706612825     -0.131877154    
 -0.242644623     -0.136572838    
  0.378240943       4.76973131E-04
 -0.489319593     -0.787945867    
  -9.15382802E-02 -0.450657547    
  0.719613671      -9.03914198E-02
 -0.265951067     -0.159820437    
  0.344511062       2.99458429E-02
 -0.498493016     -0.750518858    
  -7.06512704E-02 -0.412745923    
  0.732614517      -4.89056855E-02
 -0.289257497     -0.183068037    
  0.310781181       5.94147146E-02
 -0.450598627     -0.750324965    
  -4.97642606E-02 -0.374834299    
  0.745615363      -7.41995126E-03
 -0.312563926     -0.206315637    
  0.277051300       8.88835862E-02
 -0.498844057     -0.785847187    
  -2.88772490E-02 -0.336922675    
  0.758616209       3.40657830E-02
 -0.335870355     -0.229563236    
  0.243321419      0.118352458    
 -0.450949669     -0.785653293    
  -7.99023733E-03 -0.299011052    
  0.771617055       7.55515173E-02
 -0.359176785     -0.252810836    
  0.209591538      0.147821322    
 -0.499195099     -0.821175516    
   1.28967743E-02 -0.261099428    
  0.784617901      0.117037252    
 -0.382483214     -0.276058435    
  0.175861657      0.177290186    
 -0.451300710     -0.820981622    
   3.37837860E-02 -0.223187789    
  0.746720016       9.37308148E-02
 -0.412238538     -0.309788316    
  0.178883314      0.129044741    
 -0.460474133     -0.783554614    
   5.46707958E-02 -0.185276151    
  0.759720802      0.135216549    
 -0.435544968     -0.333035916    
  0.145153433      0.158513606    
 -0.469647557     -0.746127605    
   7.55578056E-02 -0.147364512    
  0.721822917      0.111910112    
 -0.465300292     -0.366765797    
  0.148175091      0.110268168    
 -0.478820980     -0.708700597    
   9.64448154E-02 -0.109452873    
  0.683925033       8.86036754E-02
 -0.495055616     -0.400495678    
  0.151196748       6.20227307E-02
 -0.487994403     -0.671273589    
   6.25773296E-02  -8.44462365E-02
  0.709706306      0.113788016    
 -0.466313720     -0.398807257    
  0.140306205       7.75490552E-02
 -0.467378944     -0.660643876    
   2.87098438E-02  -5.94395995E-02
  0.735487580      0.138972357    
 -0.437571824     -0.397118837    
  0.129415661       9.30753797E-02
 -0.497322619     -0.643109322    
  -5.15764207E-03  -3.44329625E-02
  0.706841111      0.167714268    
 -0.390450031     -0.408009380    
   8.19280446E-02   6.31316900E-02
 -0.476707160     -0.632479608    
  -3.90251279E-02  -9.42632742E-03
  0.659353495      0.137770578    
 -0.414801180     -0.399549961    
   9.25577581E-02   8.36367980E-02
 -0.443711758     -0.600878060    
  -7.28926137E-02   1.55803077E-02
  0.685134768      0.162954912    
 -0.386059284     -0.397861540    
   8.16672072E-02   9.91631225E-02
 -0.473655432     -0.583343506    
 -0.106760100       4.05869409E-02
  0.656488299      0.191696823    
 -0.338937491     -0.408752084    
   3.41795944E-02   6.92194328E-02
 -0.498006582     -0.574884117    
 -0.140627593       6.55935779E-02
  0.609000683      0.161753133    
 -0.363288641     -0.400292665    
   4.48093079E-02   8.97245407E-02
 -0.465011179     -0.543282568    
 -0.174495071       9.06002149E-02
  0.634781957      0.186937466    
 -0.334546745     -0.398604244    
   3.39187570E-02  0.105250865    
 -0.494954854     -0.525748014    
 -0.208362550      0.115606852    
  0.606135488      0.215679377    
 -0.287424952     -0.409494787    
  -1.35688558E-02   7.53071755E-02
 -0.474339396     -0.515118301    
 -0.242230028      0.140613481    
  0.595244944      0.231205702    
 -0.317368627     -0.391960233    
  -5.10944240E-03   9.59226266E-02
 -0.453834295     -0.547723055    
 -0.230680734      0.109290846    
  0.583482444      0.193833590    
 -0.335350573     -0.355119467    
  -4.95973155E-02  0.143043444    
 -0.471456379     -0.583834887    
 -0.219131440       7.79682100E-02
  0.571719944      0.156461477    
 -0.353332520     -0.318278700    
  -9.40851867E-02  0.190164268    
 -0.489078462     -0.619946718    
 -0.207582146       4.66455743E-02
  0.559957445      0.119089358    
 -0.371314466     -0.281437933    
 -0.138573050      0.237285078    
 -0.445167422     -0.610536218    
 -0.196032852       1.53229386E-02
  0.548194945       8.17172378E-02
 -0.389296412     -0.244597182    
 -0.183060914      0.284405887    
 -0.462789506     -0.646648049    
 -0.184483558      -1.59996971E-02
  0.536432445       4.43451181E-02
 -0.407278359     -0.207756430    
 -0.227548778      0.331526697    
 -0.480411589     -0.682759881    
 -0.172934264      -4.73223329E-02
  0.524669945       6.97299838E-03
 -0.425260305     -0.170915678    
 -0.272036642      0.378647506    
 -0.498033673     -0.718871713    
 -0.161384970      -7.86449686E-02
  0.512907445      -3.03991213E-02
 -0.443242252     -0.134074926    
 -0.316524506      0.425768316    
 -0.454122633     -0.709461212    
 -0.149835676     -0.109967604    
  0.501144946      -6.77712411E-02
 -0.461224198      -9.72341746E-02
 -0.361012369      0.472889125    
 -0.471744716     -0.745573044    
 -0.138286382     -0.141290247    
  0.489382416     -0.105143361    
 -0.479206145      -6.03934191E-02
 -0.405500233      0.520009935    
 -0.489366800     -0.781684875    
 -0.126737088     -0.172612876    
  0.477619886     -0.142515481    
 -0.497188091      -2.35526636E-02
 -0.449988097      0.567130744    
 -0.445455760     -0.772274375    
 -0.115187801     -0.203935504    
  0.465857357     -0.179887593    
 -0.490965545      -6.80405349E-02
 -0.470592737      0.549508631    
 -0.401544720     -0.762863874    
 -0.158434600     -0.241119921    
  0.482972085     -0.180585176    
 -0.496441126      -7.19888136E-02
 -0.425366551      0.521610916    
 -0.398310244     -0.768294990    
 -0.201681405     -0.278304338    
  0.500086844     -0.181282759    
 -0.475964874      -2.67626196E-02
 -0.445456088      0.524845421    
 -0.402363062     -0.720663369    
 -0.244928211     -0.315488756    
  0.517201602     -0.181980342    
 -0.491128027      -7.27693290E-02
 -0.449404359      0.545321703    
 -0.430260777     -0.740752935    
 -0.288175017     -0.352673173    
  0.534316361     -0.182677925    
 -0.496603608      -7.67176077E-02
 -0.404178172      0.517423987    
 -0.427026302     -0.746184051    
 -0.331421822     -0.389857590    
  0.551431119     -0.183375508    
 -0.476127356      -3.14914137E-02
 -0.424267709      0.520658493    
 -0.431079119     -0.698552430    
 -0.374668628     -0.427042007    
  0.568545878     -0.184073091    
 -0.491290510      -7.74981230E-02
 -0.428215981      0.541134775    
 -0.458976835     -0.718641996    
 -0.417915434     -0.464226425    
  0.585660636     -0.184770674    
 -0.496766090      -8.14464018E-02
 -0.382989794      0.513237059    
 -0.455742359     -0.724073112    
 -0.461162239     -0.501410842    
  0.602775395     -0.185468256    
 -0.476289839      -3.62202078E-02
 -0.403079331      0.516471565    
 -0.459795177     -0.676441491    
 -0.460681498     -0.484296113    
  0.600674272     -0.200631425    
 -0.481765419      -4.01684865E-02
 -0.357853144      0.488573849    
 -0.456560701     -0.681872606    
 -0.460200757     -0.467181385    
  0.598573148     -0.215794593    
 -0.487241000      -4.41167653E-02
 -0.312626958      0.460676134    
 -0.453326225     -0.687303722    
 -0.459720016     -0.450066656    
  0.596472025     -0.230957761    
 -0.492716581      -4.80650440E-02
 -0.267400771      0.432778418    
 -0.450091749     -0.692734838    
 -0.459239274     -0.432951927    
  0.550465345     -0.236433357    
 -0.472240329      -2.83885002E-03
 -0.287490308      0.436012894    
 -0.454144567     -0.645103216    
 -0.458758533     -0.415837198    
  0.548364222     -0.251596510    
 -0.477715909      -6.78712735E-03
 -0.242264122      0.408115178    
 -0.450910091     -0.650534332    
 -0.458277792     -0.398722470    
  0.502357543     -0.257072091    
 -0.457239658       3.84390652E-02
 -0.262353659      0.411349654    
 -0.454962909     -0.602902710    
 -0.457797050     -0.381607741    
  0.500256419     -0.272235245    
 -0.462715238       3.44907865E-02
 -0.217127472      0.383451939    
 -0.451728433     -0.608333826    
 -0.457316309     -0.364493012    
  0.498155296     -0.287398398    
 -0.468190819       3.05425096E-02
 -0.171901286      0.355554223    
 -0.448493958     -0.613764942    
 -0.456835568     -0.347378284    
  0.452148587     -0.292873979    
 -0.447714567       7.57687017E-02
 -0.191990823      0.358788699    
 -0.452546775     -0.566133320    
 -0.454683512     -0.393760562    
  0.481127679     -0.253007442    
 -0.422396004       8.99255052E-02
 -0.229744732      0.391928047    
 -0.415461659     -0.561826289    
 -0.452531457     -0.440142840    
  0.510106802     -0.213140905    
 -0.397077441      0.104082309    
 -0.267498642      0.425067395    
 -0.378376544     -0.557519257    
 -0.450379401     -0.486525118    
  0.539085925     -0.173274368    
 -0.371758878      0.118239112    
 -0.305252552      0.458206743    
 -0.341291428     -0.553212225    
 -0.448227346     -0.532907426    
  0.568065047     -0.133407831    
 -0.346440315      0.132395908    
 -0.343006462      0.491346091    
 -0.304206312     -0.548905194    
 -0.446075290     -0.579289734    
  0.597044170      -9.35412869E-02
 -0.321121752      0.146552712    
 -0.380760372      0.524485469    
 -0.267121196     -0.544598162    
 -0.396085352     -0.624836683    
  0.590857148     -0.112498313    
 -0.284749120      0.115488268    
 -0.373561144      0.479160458    
 -0.310325861     -0.578435898    
 -0.346095413     -0.670383573    
  0.584670126     -0.131455332    
 -0.248376504       8.44238251E-02
 -0.366361916      0.433835447    
 -0.353530526     -0.612273633    
 -0.296105474     -0.715930462    
  0.578483105     -0.150412351    
 -0.212003887       5.33593819E-02
 -0.359162688      0.388510436    
 -0.396735191     -0.646111369    
 -0.300701439     -0.717626572    
  0.532361388     -0.104188412    
 -0.187482864       3.26390564E-02
 -0.332730830      0.356383920    
 -0.362042755     -0.634179533    
 -0.305297405     -0.719322681    
  0.486239702      -5.79644777E-02
 -0.162961841       1.19187292E-02
 -0.306298971      0.324257404    
 -0.327350318     -0.622247696    
 -0.309893370     -0.721018791    
  0.440118015      -1.17405429E-02
 -0.138440818      -8.80159810E-03
 -0.279867113      0.292130888    
 -0.292657882     -0.610315859    
 -0.314489335     -0.722714901    
  0.393996328       3.44833918E-02
 -0.113919787      -2.95219254E-02
 -0.253435254      0.260004371    
 -0.257965446     -0.598384023    
 -0.319085300     -0.724411011    
  0.347874641       8.07073265E-02
  -8.93987566E-02  -5.02422526E-02
 -0.227003410      0.227877855    
 -0.223273009     -0.586452186    
 -0.323681265     -0.726107121    
  0.301752955      0.126931265    
  -6.48777261E-02  -7.09625781E-02
 -0.200571567      0.195751339    
 -0.188580573     -0.574520350    
 -0.328277230     -0.727803230    
  0.255631268      0.173155203    
  -4.03566957E-02  -9.16829035E-02
 -0.174139723      0.163624823    
 -0.153888136     -0.562588513    
 -0.332873195     -0.729499340    
  0.209509581      0.219379142    
  -1.58356670E-02 -0.112403229    
 -0.147707880      0.131498307    
 -0.119195700     -0.550656676    
 -0.337469161     -0.731195450    
  0.163387895      0.265603065    
   8.68536159E-03 -0.133123562    
 -0.121276036       9.93717834E-02
  -8.45032632E-02 -0.538724840    
 -0.342065126     -0.732891560    
  0.117266200      0.311827004    
   3.32063884E-02 -0.153843895    
  -9.48441923E-02   6.72452599E-02
  -4.98108268E-02 -0.526793003    
 -0.301235527     -0.746890843    
  0.160258263      0.287697643    
   6.79309368E-02 -0.124734938    
  -5.61095662E-02   6.74222112E-02
  -2.92614046E-02 -0.529775441    
 -0.262567490     -0.703898787    
  0.136149257      0.322422206    
   7.36720636E-02  -8.60003084E-02
  -7.64786899E-02   8.79716352E-02
  -6.88182749E-03 -0.552304149    
 -0.223899454     -0.660906732    
  0.112040251      0.357146770    
   7.94131905E-02  -4.72656824E-02
  -9.68478173E-02  0.108521059    
  -2.39262525E-02 -0.505594850    
 -0.183069855     -0.674906015    
  0.155032322      0.333017409    
  0.114137739      -1.81567222E-02
  -5.81131913E-02  0.108698010    
  -3.37683037E-03 -0.508577287    
 -0.144401819     -0.631913960    
  0.130923316      0.367741972    
  0.119878866       2.05779038E-02
  -7.84823149E-02  0.129247427    
   1.90027468E-02 -0.531105995    
 -0.105733782     -0.588921905    
  0.106814310      0.402466536    
  0.125619993       5.93125299E-02
  -9.88514423E-02  0.149796844    
   1.95832178E-03 -0.484396726    
  -6.49041831E-02 -0.602921188    
  0.149806380      0.378337175    
  0.160344541       8.84214938E-02
  -6.01168163E-02  0.149973795    
   2.25077439E-02 -0.487379164    
  -2.62361504E-02 -0.559929132    
  0.125697374      0.413061738    
  0.166085660      0.127156124    
  -8.04859400E-02  0.170523211    
   4.48873192E-02 -0.509907842    
   1.24318823E-02 -0.516937077    
  0.101588368      0.447786301    
  0.171826780      0.165890753    
 -0.100855067      0.191072628    
   6.72668964E-02 -0.532436550    
   5.32614812E-02 -0.530936360    
  0.144580439      0.423656940    
  0.206551328      0.194999710    
  -6.21204413E-02  0.191249579    
   5.02224714E-02 -0.485727280    
   3.95109095E-02 -0.501069784    
  0.150584161      0.439999908    
  0.194361344      0.159844741    
  -2.91383527E-02  0.204612821    
   8.26044381E-02 -0.442760110    
   2.57603377E-02 -0.471203208    
  0.156587884      0.456342876    
  0.182171360      0.124689773    
   3.84373590E-03  0.217976063    
  0.114986405     -0.399792939    
   1.20097669E-02 -0.441336632    
  0.162591606      0.472685844    
  0.169981375       8.95348042E-02
   3.68258245E-02  0.231339306    
  0.147368371     -0.356825769    
  -1.74080394E-03 -0.411470056    
  0.139612883      0.460495859    
  0.185384840      0.122516893    
   1.83381382E-02  0.263721257    
  0.165856868     -0.363351673    
  -1.54913748E-02 -0.381603479    
  0.145616606      0.476838827    
  0.173194855       8.73619318E-02
   5.13202250E-02  0.277084500    
  0.198238835     -0.320384502    
  -2.92419456E-02 -0.351736903    
  0.122637890      0.464648843    
  0.188598320      0.120344020    
   3.28325406E-02  0.309466451    
  0.216727331     -0.326910406    
  -4.29925174E-02 -0.321870327    
  0.128641620      0.480991811    
  0.176408336       8.51890594E-02
   6.58146292E-02  0.322829694    
  0.249109298     -0.283943236    
  -5.67430891E-02 -0.292003751    
  0.134645343      0.497334778    
  0.164218351       5.00340946E-02
   9.87967178E-02  0.336192936    
  0.281491250     -0.240976050    
  -7.04936609E-02 -0.262137175    
  0.111666627      0.485144794    
  0.179621816       8.30161870E-02
   8.03090334E-02  0.368574888    
  0.299979746     -0.247501954    
  -8.42442289E-02 -0.232270598    
  0.117670350      0.501487792    
  0.167431831       4.78612222E-02
  0.113291122      0.381938130    
  0.332361698     -0.204534769    
  -5.25749698E-02 -0.208460823    
  0.163903475      0.453039050    
  0.165724069       9.18232203E-02
  0.159066409      0.415849179    
  0.378009707     -0.207536966    
  -2.09057108E-02 -0.184651047    
  0.210136592      0.404590309    
  0.164016306      0.135785222    
  0.204841703      0.449760228    
  0.423657715     -0.210539162    
   1.07635483E-02 -0.160841271    
  0.256369710      0.356141567    
  0.162308544      0.179747224    
  0.197840869      0.460566074    
  0.404607803     -0.256642967    
   4.24328074E-02 -0.137031496    
  0.302602828      0.307692826    
  0.160600781      0.223709226    
  0.164600447      0.441516161    
  0.402872801     -0.254096925    
   7.41020665E-02 -0.113221720    
  0.348835945      0.259244084    
  0.158893019      0.267671227    
  0.117387563      0.487164170    
  0.427837253     -0.287976265    
  0.105771326      -8.94119442E-02
  0.395069063      0.210795328    
  0.157185256      0.311633229    
   7.01746792E-02  0.532812178    
  0.461312264     -0.294977099    
  0.137440592      -6.56021684E-02
  0.441302180      0.162346572    
  0.155477494      0.355595231    
   3.69342528E-02  0.513762236    
  0.459577262     -0.292431056    
  0.169109851      -4.17923927E-02
  0.487535298      0.113897815    
  0.153769732      0.399557233    
  -1.02786347E-02  0.559410214    
  0.457842261     -0.289885014    
  0.200779110      -1.79826189E-02
  0.533768415       6.54490590E-02
  0.152061969      0.443519235    
  -5.74915223E-02  0.605058193    
  0.456107259     -0.287338972    
  0.232448369       5.82715496E-03
  0.580001533       1.70003064E-02
  0.150354207      0.487481236    
  -9.07319486E-02  0.586008251    
  0.454372257     -0.284792930    
  0.209519520      -2.65215859E-02
  0.539838552       5.89307584E-03
  0.161277235      0.454846919    
 -0.117410578      0.537848473    
  0.438232481     -0.300300479    
  0.186590672      -5.88703267E-02
  0.499675572      -5.21415472E-03
  0.200640112      0.459557503    
  -7.75945559E-02  0.555577397    
  0.390072674     -0.285215586    
  0.163661823      -9.12190676E-02
  0.459512591      -1.63213853E-02
  0.211563140      0.426923186    
 -0.104273185      0.507417619    
  0.373932898     -0.300723135    
  0.140732974     -0.123567805    
  0.419349611      -2.74286158E-02
  0.250926018      0.431633770    
  -6.44571632E-02  0.525146544    
  0.384855926     -0.333357453    
  0.117804125     -0.155916542    
  0.379186630      -3.85358483E-02
  0.261849046      0.398999453    
  -9.11357924E-02  0.476986736    
  0.368716151     -0.348865002    
   9.48752761E-02 -0.188265279    
  0.339023650      -4.96430770E-02
  0.221529171      0.438815475    
  -5.70566617E-02  0.487909764    
  0.320556343     -0.333780110    
   7.19464272E-02 -0.220614016    
  0.298860669      -6.07503057E-02
  0.232452199      0.406181157    
  -8.37352872E-02  0.439749956    
  0.304416567     -0.349287659    
   4.90175784E-02 -0.252962768    
  0.258697689      -7.18575343E-02
  0.271815091      0.410891742    
  -4.39192653E-02  0.457478911    
  0.315339595     -0.381921977    
   2.60887314E-02 -0.285311520    
  0.218534693      -8.29647630E-02
  0.282738119      0.378257424    
  -7.05978945E-02  0.409319103    
  0.299199820     -0.397429526    
   3.15988436E-03 -0.317660272    
  0.178371698      -9.40719917E-02
  0.322100997      0.382968009    
  -3.07818726E-02  0.427048057    
  0.251040012     -0.382344633    
   2.56596487E-02 -0.356833249    
  0.188904420     -0.120693766    
  0.322741896      0.362347603    
  -4.43072580E-02  0.381467491    
  0.232004613     -0.398154169    
   4.81594130E-02 -0.396006227    
  0.199437141     -0.147315532    
  0.323382795      0.341727197    
  -5.78326434E-02  0.335886925    
  0.212969214     -0.413963705    
   7.06591755E-02 -0.435179204    
  0.209969863     -0.173937306    
  0.324023694      0.321106791    
  -7.13580251E-02  0.290306360    
  0.193933815     -0.429773241    
   9.31589380E-02 -0.474352181    
  0.220502585     -0.200559080    
  0.324664593      0.300486386    
  -8.48834068E-02  0.244725794    
  0.174898416     -0.445582777    
  0.126860499     -0.463819444    
  0.238005757     -0.199918196    
  0.279860407      0.286960989    
  -5.41348085E-02  0.225690395    
  0.168062299     -0.476804376    
  0.160562053     -0.453286707    
  0.255508929     -0.199277312    
  0.235056221      0.273435593    
  -2.33862083E-02  0.206654996    
  0.148331732     -0.431763798    
  0.194263607     -0.442753971    
  0.273012102     -0.198636428    
  0.190252036      0.259910196    
   7.36239180E-03  0.187619597    
  0.183363155     -0.456060141    
  0.227965161     -0.432221234    
  0.290515274     -0.197995543    
  0.145447850      0.246384814    
   3.81109938E-02  0.168584198    
  0.163632587     -0.411019564    
  0.261666715     -0.421688497    
  0.308018446     -0.197354659    
  0.100643657      0.232859433    
   6.88595921E-02  0.149548799    
  0.192972645     -0.454164237    
  0.235044941     -0.404185325    
  0.287398040     -0.242158860    
   5.50630838E-02  0.263608038    
   5.30500636E-02  0.178888857    
  0.173242077     -0.409123659    
  0.268746495     -0.393652588    
  0.304901212     -0.241517976    
   1.02588907E-02  0.250082642    
   8.37986618E-02  0.159853458    
  0.202582136     -0.452268332    
  0.236553162     -0.387412399    
  0.326840520     -0.230711490    
   5.13804927E-02  0.267958671    
  0.117056780      0.145245016    
  0.200432360     -0.432280630    
  0.204359829     -0.381172210    
  0.348779827     -0.219905004    
   9.25020948E-02  0.285834700    
  0.150314897      0.130636573    
  0.208894938     -0.449465275    
  0.172166497     -0.374932021    
  0.370719135     -0.209098518    
  0.133623689      0.303710729    
  0.183573008      0.116028123    
  0.206745163     -0.429477572    
  0.139973164     -0.368691832    
  0.392658442     -0.198292032    
  0.174745291      0.321586758    
  0.216831118      0.101419672    
  0.215207741     -0.446662217    
  0.107779831     -0.362451643    
  0.414597750     -0.187485546    
  0.215866894      0.339462787    
  0.250089228       8.68112221E-02
  0.213057965     -0.426674515    
   7.55864978E-02 -0.356211454    
  0.436537057     -0.176679060    
  0.256988496      0.357338816    
  0.283347338       7.22027719E-02
  0.221520543     -0.443859160    
   4.33931686E-02 -0.349971265    
  0.458476365     -0.165872574    
  0.298110098      0.375214845    
  0.316605449       5.75943217E-02
  0.219370767     -0.423871458    
   1.11998394E-02 -0.343731076    
  0.480415672     -0.155066088    
  0.283501655      0.386082888    
  0.299420804       5.54445498E-02
  0.194823965     -0.456550896    
  -2.09934898E-02 -0.337490886    
  0.502354980     -0.144259602    
  0.268893212      0.396950930    
  0.282236159       5.32947779E-02
  0.170812756     -0.433921009    
  -5.31868190E-02 -0.331250697    
  0.524294317     -0.133453116    
  0.254284769      0.407818973    
  0.265051514       5.11450060E-02
  0.146265954     -0.466600448    
  -8.53801519E-02 -0.325010508    
  0.546233654     -0.122646630    
  0.239676327      0.418687016    
  0.247866869       4.89952341E-02
  0.121719152     -0.499279886    
  -7.20521808E-02 -0.326392800    
  0.510025918     -0.170468867    
  0.239637598      0.400445610    
  0.241186872       7.78002292E-03
  0.105945297     -0.515250206    
  -5.87242134E-02 -0.327775091    
  0.473818183     -0.218291104    
  0.239598870      0.382204205    
  0.234506875      -3.34351882E-02
   6.23346530E-02 -0.522578359    
  -4.53962460E-02 -0.329157382    
  0.437610447     -0.266113341    
  0.239560142      0.363962799    
  0.227826878      -7.46503994E-02
   4.65607941E-02 -0.538548648    
  -3.20682786E-02 -0.330539674    
  0.401402712     -0.313935578    
  0.239521414      0.345721394    
  0.221146882     -0.115865611    
   3.07869371E-02 -0.554518938    
  -1.87403113E-02 -0.331921965    
  0.365194976     -0.361757815    
  0.239482686      0.327479988    
  0.214466885     -0.157080829    
  -1.28237065E-02 -0.561847091    
  -5.41234296E-03 -0.333304256    
  0.333425641     -0.361796558    
  0.245181695      0.320799977    
  0.190542832     -0.172854692    
  -5.64343482E-02 -0.569175243    
   7.91562535E-03 -0.334686548    
  0.301656306     -0.361835301    
  0.250880688      0.314119965    
  0.166618779     -0.188628554    
 -0.100044996     -0.576503396    
   2.12435946E-02 -0.336068839    
  0.265448570     -0.409657538    
  0.250841945      0.295878559    
  0.159938782     -0.229843765    
 -0.115818851     -0.592473686    
   3.45715620E-02 -0.337451130    
  0.233679250     -0.409696281    
  0.256540954      0.289198548    
  0.136014730     -0.245617628    
 -0.159429491     -0.599801838    
   4.78995293E-02 -0.338833421    
  0.197471529     -0.457518518    
  0.256502211      0.270957142    
  0.129334733     -0.286832839    
 -0.175203353     -0.615772128    
   6.12274967E-02 -0.340215713    
  0.165702209     -0.457557261    
  0.262201220      0.264277130    
  0.105410688     -0.302606702    
 -0.218814000     -0.623100281    
   1.98688656E-02 -0.296160489    
  0.138634965     -0.464819908    
  0.262593508      0.309494257    
  0.145698026     -0.330635637    
 -0.207127914     -0.668483377    
  -2.14897655E-02 -0.252105266    
  0.111567713     -0.472082555    
  0.262985796      0.354711384    
  0.185985371     -0.358664572    
 -0.254621416     -0.668635368    
  -6.28483966E-02 -0.208050027    
   8.45004618E-02 -0.479345202    
  0.263378084      0.399928510    
  0.226272717     -0.386693507    
 -0.242935330     -0.714018464    
 -0.104207024     -0.163994789    
   5.74332103E-02 -0.486607850    
  0.235349163      0.432685494    
  0.180889606     -0.434187025    
 -0.251243860     -0.707347691    
 -0.145565659     -0.119939551    
   3.03659607E-02 -0.493870497    
  0.247035250      0.387302369    
  0.180737615     -0.442495555    
 -0.255570322     -0.657802582    
 -0.186924294      -7.58843124E-02
   3.29871103E-03 -0.501133144    
  0.247427538      0.432519495    
  0.213494584     -0.430809468    
 -0.303063840     -0.657954574    
 -0.228282928      -3.18290778E-02
  -2.37685386E-02 -0.508395791    
  0.259113610      0.387136370    
  0.213342592     -0.439117998    
 -0.307390302     -0.608409464    
 -0.269641548       1.22261569E-02
  -5.08357882E-02 -0.515658438    
  0.231084689      0.419893354    
  0.213190600     -0.447426528    
 -0.311716765     -0.558864355    
 -0.311000168       5.62813915E-02
  -7.79030398E-02 -0.522921085    
  0.203055769      0.452650338    
  0.262735724     -0.417665571    
 -0.327484608     -0.522584140    
 -0.352358788      0.100336626    
 -0.104970291     -0.530183733    
  0.214741856      0.407267213    
  0.312280834     -0.387904614    
 -0.343252450     -0.486303926    
 -0.348191172      0.130520120    
  -6.41982555E-02 -0.514149070    
  0.223971337      0.402316570    
  0.302717179     -0.371613860    
 -0.369857550     -0.521116674    
 -0.344023556      0.160703614    
  -2.34262161E-02 -0.498114407    
  0.233200818      0.397365928    
  0.253352642     -0.420185119    
 -0.353566796     -0.512353539    
 -0.339855939      0.190887108    
   1.73458233E-02 -0.482079744    
  0.242430300      0.392415285    
  0.243788972     -0.403894365    
 -0.380171895     -0.547166288    
 -0.335688323      0.221070603    
   5.81178628E-02 -0.466045082    
  0.251659781      0.387464643    
  0.194424435     -0.452465624    
 -0.363881141     -0.538403153    
 -0.331520706      0.251254082    
   9.88899022E-02 -0.450010419    
  0.260889262      0.382514000    
  0.184860766     -0.436174870    
 -0.390486240     -0.573215902    
 -0.327353090      0.281437576    
  0.139661938     -0.433975756    
  0.270118743      0.377563357    
  0.135496229     -0.484746128    
 -0.374195486     -0.564452767    
 -0.323185474      0.311621070    
  0.180433974     -0.417941093    
  0.279348224      0.372612715    
  0.125932559     -0.468455374    
 -0.400800586     -0.599265516    
 -0.319017857      0.341804564    
  0.221206009     -0.401906431    
  0.288577706      0.367662072    
   7.65680224E-02 -0.517026603    
 -0.384509832     -0.590502381    
 -0.301724613      0.349263906    
  0.244948372     -0.407257289    
  0.299109519      0.337274611    
   3.32930237E-02 -0.469110101    
 -0.430608958     -0.602047741    
 -0.284431368      0.356723249    
  0.268690735     -0.412608147    
  0.314910680      0.373579919    
   2.90556811E-03 -0.476175636    
 -0.382692456     -0.560824752    
 -0.267138124      0.364182591    
  0.220250890     -0.396806985    
  0.325442493      0.343192458    
  -4.03694287E-02 -0.428259134    
 -0.428791583     -0.572370112    
 -0.304541022      0.362646759    
  0.201407954     -0.364863634    
  0.341695279      0.314843982    
   1.41018629E-03 -0.416411757    
 -0.406200647     -0.607703865    
 -0.341943920      0.361110926    
  0.182565019     -0.332920283    
  0.357948065      0.286495507    
   4.31898013E-02 -0.404564381    
 -0.383609712     -0.643037617    
 -0.379346818      0.359575093    
  0.163722083     -0.300976932    
  0.374200851      0.258147031    
   8.49694163E-02 -0.392717004    
 -0.361018777     -0.678371370    
 -0.416749716      0.358039260    
  0.144879147     -0.269033581    
  0.390453637      0.229798570    
  0.126749039     -0.380869627    
 -0.338427842     -0.713705122    
 -0.454152614      0.356503427    
  0.126036212     -0.237090215    
  0.406706423      0.201450109    
  0.168528646     -0.369022250    
 -0.315836906     -0.749038875    
 -0.491555512      0.354967594    
  0.107193276     -0.205146849    
  0.422959208      0.173101649    
  0.210308254     -0.357174873    
 -0.318322688     -0.713427782    
 -0.456121981      0.336124659    
  0.145479932     -0.188894063    
  0.392787099      0.214881271    
  0.246713921     -0.334583938    
 -0.320808470     -0.677816689    
 -0.493524879      0.334588826    
  0.126636997     -0.156950697    
  0.409039885      0.186532810    
  0.288493544     -0.322736561    
 -0.298217535     -0.713150442    
 -0.458091348      0.315745890    
  0.164923653     -0.140697911    
  0.378867775      0.228312433    
  0.324899197     -0.300145626    
 -0.300703317     -0.677539349    
 -0.495494246      0.314210057    
  0.146080717     -0.108754545    
  0.395120561      0.199963972    
  0.366678804     -0.288298249    
 -0.278112382     -0.712873101    
 -0.460060716      0.295367122    
  0.184367374      -9.25017521E-02
  0.364948452      0.241743594    
  0.403084457     -0.265707314    
 -0.280598164     -0.677262008    
 -0.497463614      0.293831289    
  0.165524438      -6.05583899E-02
  0.381201237      0.213395134    
  0.444864064     -0.253859937    
 -0.258007228     -0.712595761    
 -0.462030083      0.274988353    
  0.203811094      -4.43056002E-02
  0.351029128      0.255174756    
  0.481269717     -0.231268987    
 -0.260493010     -0.676984668    
 -0.499432981      0.273452520    
  0.184968159      -1.23622380E-02
  0.367281914      0.226826295    
  0.523049355     -0.219421610    
 -0.237902060     -0.712318420    
 -0.463999450      0.254609585    
  0.223254815       3.89055349E-03
  0.337109804      0.268605918    
  0.559455037     -0.196830660    
 -0.240387827     -0.676707327    
 -0.428565919      0.235766649    
  0.261541486       2.01433450E-02
  0.306937695      0.310385525    
  0.595860720     -0.174239710    
 -0.242873594     -0.641096234    
 -0.420646638      0.277893126    
  0.273200870      -1.30469166E-02
  0.277270198      0.311489731    
  0.572258353     -0.141883895    
 -0.220298037     -0.675380230    
 -0.412727356      0.320019603    
  0.284860253      -4.62371781E-02
  0.247602701      0.312593937    
  0.548655987     -0.109528080    
 -0.264244884     -0.654617012    
