 -0.387656361     -0.188183188    
 -0.517790437     -0.404881209    
 -0.480299979     -0.151439935    
 -0.201620340     -0.605222821    
  0.153189361      0.329779088    
  0.164521724     -0.422057033    
  -6.87673092E-02 -0.391546905    
  0.145271301     -0.224480242    
  -4.32087183E-02  0.168499261    
 -0.115342051      0.411469042    
  -5.62179983E-02  0.400582284    
  0.634906054      0.291608751    
 -0.537899196     -0.559957623    
 -0.186161071     -0.559650362    
  0.620934784     -0.169749141    
  -7.44232535E-03 -0.529919982    
  0.185044259     -0.131855458    
 -0.130100846      0.460332721    
   5.08940816E-02 -0.830662370    
  0.854286432      0.223658621    
  0.639586389     -0.158874482    
  0.348782092     -0.408036172    
  0.570031226     -0.762707472    
  0.781351388      0.518177569    
 -0.406715870      0.465712786    
  0.478750229     -0.463494152    
  0.334340870      0.404719740    
 -0.544744253     -0.434794068    
   3.13990116E-02  0.977783322    
  -2.00012624E-02  0.373383164    
 -0.817241788      0.491778314    
 -0.492581457     -0.376233101    
 -0.525466084     -0.827341080    
 -0.659118176     -0.205945313    
  0.891514719     -0.358257949    
 -0.208289057     -0.455339313    
  0.281827033     -0.872181296    
 -0.838396192      0.319508970    
  0.161322683     -0.100327581    
  -4.78389561E-02 -0.627309144    
  -1.95375681E-02 -0.224597633    
 -0.118174374     -0.376242220    
 -0.175532401      0.774829626    
  0.173722953     -0.622795582    
  0.725850105     -0.373233914    
  0.307574481     -0.213960469    
 -0.417975128     -0.904786944    
 -0.227480024     -0.442602754    
  -7.30627775E-03  0.599094987    
 -0.604185104      0.441098273    
 -0.304255664      0.849855959    
 -0.780209124     -0.276141316    
  -2.35249400E-02  0.267894536    
  0.359925985     -0.317477912    
 -0.309792548      0.416421354    
 -0.408711851      0.736873031    
 -0.403434992      0.482946813    
  0.580405951     -0.154889464    
 -0.306050748      0.916732252    
  -7.61995018E-02  0.337439179    
 -0.296942413     -0.436066926    
 -0.153752625     -0.713143706    
  0.574053884      0.253541678    
  0.711632729      0.530133605    
 -0.493248552     -0.665888071    
  0.858062387      0.312679738    
  0.423144460     -0.378137171    
  0.419765323     -0.101094007    
  -3.43925357E-02 -0.855528057    
  0.291922122     -0.692458153    
 -0.509539366      0.136484593    
  0.415438473     -0.556151748    
 -0.464706719      0.153750479    
   8.97868574E-02  0.182048380    
 -0.628232360     -0.686090589    
  0.131773233      0.172746271    
  0.594079137      -9.66939926E-02
 -0.450334281      0.701077461    
 -0.172568202      0.541230679    
  -8.97701681E-02 -0.135695010    
  0.480236113     -0.161563426    
  0.242797166      0.350062817    
  0.351183116     -0.458471328    
 -0.146697462     -0.197755337    
  0.532354653      0.503570557    
  0.259599328      0.273068964    
 -0.300613344     -0.352869928    
  0.444537699      0.448972970    
 -0.647130966      0.607881427    
 -0.620727181      0.158216566    
  0.583427787     -0.520787656    
   1.54612064E-02 -0.263698637    
  -7.62328804E-02  0.907928705    
  0.834314346      0.496506453    
 -0.489961177      -7.20144212E-02
  -7.50593245E-02  0.529955447    
   4.72218990E-02 -0.807916284    
  0.510664165      0.774136543    
  0.573435903       1.49580240E-02
  0.240145922      0.908649683    
