  -3.15413475E-02 -0.455393195    
 -0.816155016      -7.23874569E-02
 -0.317134857     -0.554012418    
 -0.493548810     -0.695297599    
  0.320542336      0.338015616    
  -6.03417158E-02 -0.406075895    
 -0.145774841       4.48439121E-02
   1.18702054E-02 -0.121836901    
  0.336553097      0.354059041    
 -0.511647999      0.111127913    
  0.218964398      0.629323125    
  0.499110162       9.39738750E-02
 -0.508580446     -0.834294856    
  -5.47608137E-02 -0.450899601    
  0.347055912      0.239046395    
 -0.469456196     -0.565933049    
  0.243744254     -0.588290274    
  0.168886721      0.675675631    
  0.124336839     -0.342626631    
  0.907273114      0.221407771    
  0.335952699     -0.103881598    
  0.685089946     -0.545332551    
  0.341884673     -0.866052866    
  0.492363930      0.538082600    
 -0.205275118      0.911171198    
  0.598653495     -0.657238007    
  0.261539519      0.857274592    
 -0.519133270       6.17072582E-02
   9.89128351E-02  0.783923566    
 -0.389916003      0.649960577    
 -0.450913787      0.795677304    
 -0.101628900     -0.293566048    
 -0.635452271     -0.557125092    
 -0.769100249      -2.44345665E-02
  0.886761487      -3.09588909E-02
  -9.52302217E-02 -0.904066503    
   1.36749744E-02 -0.623826504    
 -0.909961879      0.365391314    
  0.410752296     -0.130286694    
 -0.453083694     -0.543174982    
   9.11785364E-02  -6.85632229E-04
   1.63043141E-02 -0.284796238    
  -9.13611054E-02  0.540766776    
  0.619481444     -0.557774425    
  0.511444807      -1.86346173E-02
  0.161799133      0.152101099    
  -2.35599279E-02 -0.636172712    
   3.90193462E-02 -0.161687434    
 -0.234503210      0.958078384    
 -0.200063169      0.621300220    
 -0.578098297      0.508917630    
 -0.792162120     -0.368470430    
 -0.410840034      0.398902297    
  0.827662766     -0.167496443    
 -0.753042042      0.350465178    
  -9.02935863E-02  0.950196445    
 -0.798470616      0.273474514    
  0.828927338       1.51838660E-02
 -0.447310567      0.841744244    
 -0.133173525      -8.73096585E-02
 -0.494881630     -0.276479661    
 -0.176583171     -0.657080233    
  0.932265043      -3.74848247E-02
  0.559790790      0.155879974    
 -0.745294034     -0.528469443    
  0.906242609      0.233775914    
  0.292471290     -0.538202047    
  0.288275242       6.52885437E-02
  0.115996242     -0.416987658    
  0.664217472     -0.404832184    
 -0.775070786      0.309873343    
  0.585521340     -0.264236212    
 -0.609513342     -0.124410450    
  -4.97621298E-02  0.185611069    
 -0.252904177     -0.749483883    
  0.361278296     -0.115094602    
  0.869058192     -0.130041361    
 -0.312707007      0.531168103    
 -0.334230959      0.242003977    
   1.30579472E-02   5.52916527E-03
  0.665862262       2.34231949E-02
  0.186102509      0.147977769    
  0.340636849     -0.826331198    
 -0.325544059     -0.202177465    
  0.845754385      0.135520399    
  0.170424819      0.101122081    
 -0.252589047     -0.547536790    
   4.34988141E-02  0.542272687    
 -0.412297368      0.311833322    
 -0.822161794      0.180947602    
  0.754839301      -7.52563477E-02
  0.183968663     -0.584094107    
  -9.57930684E-02  0.765602648    
  0.527705848      0.828557670    
 -0.592769921     -0.287527561    
  0.256874561      0.440822959    
   1.31940842E-02 -0.760218501    
  0.271114290      0.668446302    
  0.341923833     -0.389754236    
  0.520624042      0.754954040    
